0.000000	0.342020	0.642788	0.866025	0.984808	0.984808	0.866025	0.642788	0.342020	0.000000
0.000000	0.342588	0.643161	0.866160	0.984686	0.984445	0.865466	0.642098	0.341285	0.000000
0.000000	0.343155	0.643534	0.866293	0.984564	0.984082	0.864906	0.641409	0.340552	0.000000
0.000000	0.343721	0.643907	0.866426	0.984442	0.983719	0.864346	0.640719	0.339821	0.000000
0.000000	0.344285	0.644279	0.866559	0.984319	0.983356	0.863785	0.640030	0.339092	0.000000
0.000000	0.344849	0.644650	0.866691	0.984195	0.982992	0.863225	0.639340	0.338366	0.000000
0.000000	0.345411	0.645021	0.866822	0.984072	0.982627	0.862664	0.638651	0.337642	0.000000
0.000000	0.345972	0.645392	0.866953	0.983947	0.982263	0.862103	0.637961	0.336920	0.000000
0.000000	0.346532	0.645761	0.867084	0.983822	0.981898	0.861542	0.637272	0.336200	0.000000
0.000000	0.347090	0.646131	0.867213	0.983697	0.981533	0.860981	0.636582	0.335483	0.000000
0.000000	0.347648	0.646500	0.867343	0.983571	0.981167	0.860419	0.635893	0.334768	0.000000
0.000000	0.348205	0.646868	0.867472	0.983445	0.980801	0.859857	0.635204	0.334055	0.000000
0.000000	0.348760	0.647236	0.867600	0.983318	0.980434	0.859296	0.634515	0.333344	0.000000
0.000000	0.349314	0.647603	0.867728	0.983191	0.980068	0.858734	0.633826	0.332635	0.000000
0.000000	0.349867	0.647969	0.867855	0.983064	0.979701	0.858171	0.633136	0.331929	0.000000
0.000000	0.350419	0.648335	0.867981	0.982936	0.979333	0.857609	0.632447	0.331225	0.000000
0.000000	0.350970	0.648701	0.868107	0.982807	0.978965	0.857046	0.631759	0.330523	0.000000
0.000000	0.351520	0.649066	0.868233	0.982678	0.978597	0.856483	0.631070	0.329823	0.000000
0.000000	0.352068	0.649430	0.868358	0.982548	0.978229	0.855920	0.630381	0.329125	0.000000
0.000000	0.352616	0.649794	0.868483	0.982418	0.977860	0.855357	0.629692	0.328429	0.000000
0.000000	0.353162	0.650158	0.868607	0.982288	0.977491	0.854794	0.629004	0.327735	0.000000
0.000000	0.353707	0.650521	0.868730	0.982157	0.977121	0.854230	0.628316	0.327044	0.000000
0.000000	0.354252	0.650883	0.868853	0.982026	0.976751	0.853667	0.627627	0.326355	0.000000
0.000000	0.354795	0.651245	0.868976	0.981894	0.976381	0.853103	0.626939	0.325667	0.000000
0.000000	0.355337	0.651606	0.869097	0.981761	0.976011	0.852539	0.626251	0.324982	0.000000
0.000000	0.355877	0.651966	0.869219	0.981629	0.975640	0.851974	0.625563	0.324299	0.000000
0.000000	0.356417	0.652327	0.869340	0.981495	0.975268	0.851410	0.624876	0.323618	0.000000
0.000000	0.356956	0.652686	0.869460	0.981362	0.974897	0.850845	0.624188	0.322939	0.000000
0.000000	0.357493	0.653045	0.869580	0.981227	0.974525	0.850281	0.623501	0.322262	0.000000
0.000000	0.358030	0.653404	0.869699	0.981093	0.974153	0.849716	0.622813	0.321587	0.000000
0.000000	0.358565	0.653761	0.869817	0.980958	0.973780	0.849150	0.622126	0.320914	0.000000
0.000000	0.359100	0.654119	0.869936	0.980822	0.973407	0.848585	0.621439	0.320244	0.000000
0.000000	0.359633	0.654476	0.870053	0.980686	0.973034	0.848020	0.620752	0.319575	0.000000
0.000000	0.360165	0.654832	0.870170	0.980550	0.972660	0.847454	0.620066	0.318908	0.000000
0.000000	0.360696	0.655188	0.870287	0.980413	0.972286	0.846888	0.619379	0.318243	0.000000
0.000000	0.361226	0.655543	0.870403	0.980275	0.971912	0.846322	0.618693	0.317580	0.000000
0.000000	0.361755	0.655897	0.870519	0.980137	0.971537	0.845756	0.618007	0.316920	0.000000
0.000000	0.362283	0.656252	0.870634	0.979999	0.971162	0.845190	0.617321	0.316261	0.000000
0.000000	0.362810	0.656605	0.870748	0.979860	0.970786	0.844623	0.616636	0.315604	0.000000
0.000000	0.363336	0.656958	0.870862	0.979721	0.970411	0.844056	0.615950	0.314949	0.000000
0.000000	0.363860	0.657310	0.870975	0.979581	0.970035	0.843489	0.615265	0.314296	0.000000
0.000000	0.364384	0.657662	0.871088	0.979441	0.969658	0.842922	0.614580	0.313645	0.000000
0.000000	0.364907	0.658014	0.871201	0.979300	0.969281	0.842355	0.613896	0.312996	0.000000
0.000000	0.365428	0.658364	0.871312	0.979159	0.968904	0.841788	0.613211	0.312349	0.000000
0.000000	0.365949	0.658714	0.871424	0.979017	0.968527	0.841220	0.612527	0.311704	0.000000
0.000000	0.366468	0.659064	0.871534	0.978875	0.968149	0.840653	0.611843	0.311061	0.000000
0.000000	0.366987	0.659413	0.871645	0.978733	0.967771	0.840085	0.611159	0.310420	0.000000
0.000000	0.367504	0.659762	0.871754	0.978590	0.967393	0.839517	0.610475	0.309780	0.000000
0.000000	0.368020	0.660110	0.871864	0.978446	0.967014	0.838949	0.609792	0.309143	0.000000
0.000000	0.368536	0.660457	0.871972	0.978302	0.966635	0.838380	0.609109	0.308507	0.000000
0.000000	0.369050	0.660804	0.872080	0.978158	0.966255	0.837812	0.608426	0.307873	0.000000
0.000000	0.369563	0.661150	0.872188	0.978013	0.965875	0.837243	0.607744	0.307242	0.000000
0.000000	0.370076	0.661496	0.872295	0.977868	0.965495	0.836674	0.607062	0.306612	0.000000
0.000000	0.370587	0.661841	0.872402	0.977722	0.965115	0.836106	0.606380	0.305983	0.000000
0.000000	0.371097	0.662186	0.872508	0.977576	0.964734	0.835536	0.605698	0.305357	0.000000
0.000000	0.371606	0.662530	0.872613	0.977429	0.964353	0.834967	0.605017	0.304733	0.000000
0.000000	0.372114	0.662873	0.872718	0.977282	0.963971	0.834398	0.604335	0.304110	0.000000
0.000000	0.372621	0.663216	0.872822	0.977134	0.963590	0.833828	0.603655	0.303490	0.000000
0.000000	0.373127	0.663559	0.872926	0.976986	0.963207	0.833259	0.602974	0.302871	0.000000
0.000000	0.373633	0.663900	0.873030	0.976838	0.962825	0.832689	0.602294	0.302253	0.000000
0.000000	0.374137	0.664242	0.873133	0.976689	0.962442	0.832119	0.601614	0.301638	0.000000
0.000000	0.374640	0.664582	0.873235	0.976540	0.962059	0.831549	0.600934	0.301025	0.000000
0.000000	0.375142	0.664923	0.873337	0.976390	0.961676	0.830978	0.600255	0.300413	0.000000
0.000000	0.375643	0.665262	0.873438	0.976239	0.961292	0.830408	0.599576	0.299803	0.000000
0.000000	0.376143	0.665601	0.873539	0.976089	0.960908	0.829837	0.598898	0.299195	0.000000
0.000000	0.376642	0.665940	0.873639	0.975937	0.960523	0.829267	0.598219	0.298589	0.000000
0.000000	0.377140	0.666277	0.873739	0.975786	0.960138	0.828696	0.597541	0.297984	0.000000
0.000000	0.377637	0.666615	0.873838	0.975634	0.959753	0.828125	0.596864	0.297381	0.000000
0.000000	0.378134	0.666952	0.873937	0.975481	0.959368	0.827554	0.596186	0.296780	0.000000
0.000000	0.378629	0.667288	0.874035	0.975328	0.958982	0.826983	0.595509	0.296181	0.000000
0.000000	0.379123	0.667623	0.874133	0.975174	0.958596	0.826411	0.594833	0.295583	0.000000
0.000000	0.379616	0.667958	0.874230	0.975020	0.958209	0.825840	0.594157	0.294988	0.000000
0.000000	0.380108	0.668293	0.874326	0.974866	0.957823	0.825268	0.593481	0.294394	0.000000
0.000000	0.380599	0.668627	0.874422	0.974711	0.957436	0.824696	0.592805	0.293801	0.000000
0.000000	0.381090	0.668960	0.874518	0.974556	0.957048	0.824125	0.592130	0.293211	0.000000
0.000000	0.381579	0.669293	0.874613	0.974400	0.956660	0.823553	0.591455	0.292622	0.000000
0.000000	0.382067	0.669625	0.874707	0.974244	0.956272	0.822980	0.590781	0.292034	0.000000
0.000000	0.382555	0.669957	0.874801	0.974087	0.955884	0.822408	0.590106	0.291449	0.000000
0.000000	0.383041	0.670288	0.874895	0.973930	0.955495	0.821836	0.589433	0.290865	0.000000
0.000000	0.383526	0.670619	0.874988	0.973773	0.955106	0.821263	0.588759	0.290283	0.000000
0.000000	0.384011	0.670949	0.875080	0.973615	0.954717	0.820691	0.588086	0.289702	0.000000
0.000000	0.384494	0.671278	0.875172	0.973456	0.954327	0.820118	0.587414	0.289123	0.000000
0.000000	0.384977	0.671607	0.875263	0.973297	0.953937	0.819545	0.586742	0.288546	0.000000
0.000000	0.385458	0.671935	0.875354	0.973138	0.953547	0.818972	0.586070	0.287971	0.000000
0.000000	0.385939	0.672263	0.875445	0.972978	0.953156	0.818399	0.585398	0.287397	0.000000
0.000000	0.386419	0.672590	0.875534	0.972818	0.952765	0.817826	0.584727	0.286825	0.000000
0.000000	0.386897	0.672917	0.875624	0.972657	0.952374	0.817253	0.584057	0.286254	0.000000
0.000000	0.387375	0.673243	0.875712	0.972496	0.951982	0.816679	0.583387	0.285685	0.000000
0.000000	0.387852	0.673568	0.875801	0.972334	0.951591	0.816106	0.582717	0.285118	0.000000
0.000000	0.388328	0.673893	0.875888	0.972172	0.951198	0.815532	0.582047	0.284552	0.000000
0.000000	0.388803	0.674217	0.875976	0.972010	0.950806	0.814958	0.581378	0.283988	0.000000
0.000000	0.389277	0.674541	0.876062	0.971847	0.950413	0.814384	0.580710	0.283426	0.000000
0.000000	0.389750	0.674864	0.876148	0.971683	0.950020	0.813810	0.580042	0.282865	0.000000
0.000000	0.390222	0.675187	0.876234	0.971520	0.949626	0.813236	0.579374	0.282306	0.000000
0.000000	0.390693	0.675509	0.876319	0.971355	0.949232	0.812662	0.578707	0.281748	0.000000
0.000000	0.391163	0.675830	0.876404	0.971191	0.948838	0.812088	0.578040	0.281192	0.000000
0.000000	0.391633	0.676151	0.876488	0.971025	0.948444	0.811514	0.577374	0.280637	0.000000
0.000000	0.392101	0.676471	0.876572	0.970860	0.948049	0.810939	0.576708	0.280084	0.000000
0.000000	0.392569	0.676791	0.876655	0.970694	0.947654	0.810365	0.576042	0.279533	0.000000
0.000000	0.393035	0.677110	0.876737	0.970527	0.947258	0.809790	0.575377	0.278983	0.000000
0.000000	0.393501	0.677429	0.876819	0.970360	0.946863	0.809215	0.574712	0.278435	0.000000
0.000000	0.393966	0.677747	0.876901	0.970193	0.946467	0.808640	0.574048	0.277888	0.000000
0.000000	0.394429	0.678064	0.876982	0.970025	0.946070	0.808066	0.573384	0.277343	0.000000
0.000000	0.394892	0.678381	0.877062	0.969857	0.945674	0.807491	0.572721	0.276799	0.000000
0.000000	0.395354	0.678697	0.877142	0.969688	0.945277	0.806915	0.572058	0.276257	0.000000
0.000000	0.395815	0.679013	0.877221	0.969519	0.944880	0.806340	0.571396	0.275717	0.000000
0.000000	0.396275	0.679328	0.877300	0.969349	0.944482	0.805765	0.570734	0.275178	0.000000
0.000000	0.396735	0.679643	0.877379	0.969179	0.944084	0.805190	0.570072	0.274640	0.000000
0.000000	0.397193	0.679957	0.877457	0.969009	0.943686	0.804614	0.569411	0.274104	0.000000
0.000000	0.397651	0.680270	0.877534	0.968838	0.943287	0.804039	0.568751	0.273570	0.000000
0.000000	0.398107	0.680583	0.877611	0.968666	0.942889	0.803463	0.568091	0.273037	0.000000
0.000000	0.398563	0.680896	0.877687	0.968495	0.942489	0.802888	0.567431	0.272505	0.000000
0.000000	0.399017	0.681207	0.877763	0.968322	0.942090	0.802312	0.566772	0.271975	0.000000
0.000000	0.399471	0.681518	0.877838	0.968150	0.941690	0.801736	0.566113	0.271446	0.000000
0.000000	0.399924	0.681829	0.877913	0.967977	0.941290	0.801160	0.565455	0.270919	0.000000
0.000000	0.400376	0.682139	0.877987	0.967803	0.940890	0.800584	0.564797	0.270394	0.000000
0.000000	0.400828	0.682448	0.878061	0.967629	0.940489	0.800008	0.564140	0.269870	0.000000
0.000000	0.401278	0.682757	0.878134	0.967455	0.940088	0.799432	0.563484	0.269347	0.000000
0.000000	0.401727	0.683066	0.878207	0.967280	0.939687	0.798856	0.562827	0.268826	0.000000
0.000000	0.402176	0.683373	0.878279	0.967104	0.939286	0.798280	0.562172	0.268306	0.000000
0.000000	0.402623	0.683680	0.878351	0.966929	0.938884	0.797703	0.561516	0.267787	0.000000
0.000000	0.403070	0.683987	0.878422	0.966752	0.938482	0.797127	0.560862	0.267271	0.000000
0.000000	0.403516	0.684293	0.878493	0.966576	0.938079	0.796551	0.560207	0.266755	0.000000
0.000000	0.403961	0.684598	0.878563	0.966399	0.937676	0.795974	0.559554	0.266241	0.000000
0.000000	0.404405	0.684903	0.878633	0.966221	0.937273	0.795398	0.558900	0.265728	0.000000
0.000000	0.404849	0.685208	0.878702	0.966043	0.936870	0.794821	0.558248	0.265217	0.000000
0.000000	0.405291	0.685511	0.878770	0.965865	0.936466	0.794244	0.557596	0.264707	0.000000
0.000000	0.405732	0.685814	0.878838	0.965686	0.936062	0.793668	0.556944	0.264199	0.000000
0.000000	0.406173	0.686117	0.878906	0.965507	0.935658	0.793091	0.556293	0.263692	0.000000
0.000000	0.406613	0.686419	0.878973	0.965327	0.935254	0.792514	0.555642	0.263186	0.000000
0.000000	0.407052	0.686720	0.879040	0.965147	0.934849	0.791937	0.554992	0.262682	0.000000
0.000000	0.407490	0.687021	0.879106	0.964967	0.934444	0.791360	0.554342	0.262179	0.000000
0.000000	0.407927	0.687321	0.879171	0.964786	0.934038	0.790784	0.553693	0.261678	0.000000
0.000000	0.408363	0.687621	0.879236	0.964604	0.933632	0.790207	0.553045	0.261178	0.000000
0.000000	0.408799	0.687920	0.879301	0.964422	0.933226	0.789630	0.552396	0.260679	0.000000
0.000000	0.409234	0.688218	0.879365	0.964240	0.932820	0.789052	0.551749	0.260181	0.000000
0.000000	0.409667	0.688516	0.879428	0.964057	0.932414	0.788475	0.551102	0.259685	0.000000
0.000000	0.410100	0.688814	0.879491	0.963874	0.932007	0.787898	0.550455	0.259191	0.000000
0.000000	0.410532	0.689110	0.879554	0.963691	0.931599	0.787321	0.549810	0.258698	0.000000
0.000000	0.410964	0.689407	0.879616	0.963507	0.931192	0.786744	0.549164	0.258206	0.000000
0.000000	0.411394	0.689702	0.879677	0.963322	0.930784	0.786167	0.548519	0.257715	0.000000
0.000000	0.411823	0.689997	0.879738	0.963137	0.930376	0.785589	0.547875	0.257226	0.000000
0.000000	0.412252	0.690292	0.879798	0.962952	0.929968	0.785012	0.547231	0.256738	0.000000
0.000000	0.412680	0.690586	0.879858	0.962766	0.929559	0.784435	0.546588	0.256251	0.000000
0.000000	0.413107	0.690879	0.879918	0.962580	0.929150	0.783857	0.545945	0.255766	0.000000
0.000000	0.413533	0.691172	0.879977	0.962394	0.928741	0.783280	0.545303	0.255282	0.000000
0.000000	0.413959	0.691464	0.880035	0.962207	0.928332	0.782702	0.544661	0.254799	0.000000
0.000000	0.414383	0.691756	0.880093	0.962019	0.927922	0.782125	0.544020	0.254318	0.000000
0.000000	0.414807	0.692047	0.880150	0.961831	0.927512	0.781548	0.543380	0.253838	0.000000
0.000000	0.415230	0.692337	0.880207	0.961643	0.927101	0.780970	0.542740	0.253359	0.000000
0.000000	0.415652	0.692627	0.880263	0.961454	0.926691	0.780393	0.542101	0.252882	0.000000
0.000000	0.416073	0.692916	0.880319	0.961265	0.926280	0.779815	0.541462	0.252405	0.000000
0.000000	0.416493	0.693205	0.880375	0.961076	0.925869	0.779237	0.540823	0.251930	0.000000
0.000000	0.416913	0.693493	0.880429	0.960886	0.925457	0.778660	0.540186	0.251457	0.000000
0.000000	0.417331	0.693780	0.880484	0.960695	0.925046	0.778082	0.539549	0.250984	0.000000
0.000000	0.417749	0.694067	0.880538	0.960504	0.924634	0.777505	0.538912	0.250513	0.000000
0.000000	0.418166	0.694354	0.880591	0.960313	0.924221	0.776927	0.538276	0.250044	0.000000
0.000000	0.418582	0.694640	0.880644	0.960121	0.923809	0.776349	0.537640	0.249575	0.000000
0.000000	0.418998	0.694925	0.880696	0.959929	0.923396	0.775772	0.537006	0.249108	0.000000
0.000000	0.419412	0.695209	0.880748	0.959737	0.922983	0.775194	0.536371	0.248642	0.000000
0.000000	0.419826	0.695494	0.880799	0.959544	0.922569	0.774617	0.535737	0.248177	0.000000
0.000000	0.420239	0.695777	0.880850	0.959350	0.922156	0.774039	0.535104	0.247713	0.000000
0.000000	0.420651	0.696060	0.880900	0.959157	0.921742	0.773461	0.534472	0.247251	0.000000
0.000000	0.421063	0.696342	0.880950	0.958962	0.921327	0.772884	0.533840	0.246790	0.000000
0.000000	0.421473	0.696624	0.880999	0.958768	0.920913	0.772306	0.533208	0.246330	0.000000
0.000000	0.421883	0.696905	0.881048	0.958573	0.920498	0.771728	0.532577	0.245871	0.000000
0.000000	0.422292	0.697186	0.881096	0.958377	0.920083	0.771151	0.531947	0.245414	0.000000
0.000000	0.422700	0.697466	0.881144	0.958181	0.919668	0.770573	0.531317	0.244958	0.000000
0.000000	0.423107	0.697745	0.881191	0.957985	0.919252	0.769996	0.530688	0.244503	0.000000
0.000000	0.423514	0.698024	0.881238	0.957788	0.918836	0.769418	0.530060	0.244049	0.000000
0.000000	0.423920	0.698303	0.881284	0.957591	0.918420	0.768840	0.529432	0.243596	0.000000
0.000000	0.424325	0.698580	0.881329	0.957393	0.918004	0.768263	0.528804	0.243145	0.000000
0.000000	0.424729	0.698857	0.881375	0.957195	0.917587	0.767685	0.528177	0.242695	0.000000
0.000000	0.425132	0.699134	0.881419	0.956997	0.917170	0.767108	0.527551	0.242246	0.000000
0.000000	0.425535	0.699410	0.881463	0.956798	0.916753	0.766530	0.526926	0.241798	0.000000
0.000000	0.425936	0.699685	0.881507	0.956599	0.916335	0.765953	0.526301	0.241351	0.000000
0.000000	0.426337	0.699960	0.881550	0.956399	0.915918	0.765375	0.525676	0.240906	0.000000
0.000000	0.426737	0.700235	0.881593	0.956199	0.915500	0.764798	0.525052	0.240462	0.000000
0.000000	0.427137	0.700508	0.881635	0.955999	0.915081	0.764220	0.524429	0.240018	0.000000
0.000000	0.427535	0.700781	0.881677	0.955798	0.914663	0.763643	0.523806	0.239576	0.000000
0.000000	0.427933	0.701054	0.881718	0.955596	0.914244	0.763065	0.523184	0.239136	0.000000
0.000000	0.428330	0.701326	0.881759	0.955395	0.913825	0.762488	0.522563	0.238696	0.000000
0.000000	0.428726	0.701597	0.881799	0.955192	0.913406	0.761911	0.521942	0.238258	0.000000
0.000000	0.429122	0.701868	0.881838	0.954990	0.912986	0.761333	0.521322	0.237820	0.000000
0.000000	0.429517	0.702138	0.881878	0.954787	0.912566	0.760756	0.520702	0.237384	0.000000
0.000000	0.429911	0.702408	0.881916	0.954583	0.912146	0.760179	0.520083	0.236949	0.000000
0.000000	0.430304	0.702677	0.881954	0.954379	0.911726	0.759601	0.519464	0.236515	0.000000
0.000000	0.430696	0.702945	0.881992	0.954175	0.911305	0.759024	0.518847	0.236082	0.000000
0.000000	0.431088	0.703213	0.882029	0.953971	0.910884	0.758447	0.518229	0.235651	0.000000
0.000000	0.431478	0.703481	0.882066	0.953765	0.910463	0.757870	0.517613	0.235220	0.000000
0.000000	0.431868	0.703747	0.882102	0.953560	0.910042	0.757293	0.516997	0.234791	0.000000
0.000000	0.432258	0.704014	0.882137	0.953354	0.909620	0.756716	0.516381	0.234362	0.000000
0.000000	0.432646	0.704279	0.882173	0.953148	0.909198	0.756139	0.515766	0.233935	0.000000
0.000000	0.433034	0.704544	0.882207	0.952941	0.908776	0.755562	0.515152	0.233509	0.000000
0.000000	0.433421	0.704809	0.882241	0.952734	0.908354	0.754985	0.514539	0.233084	0.000000
0.000000	0.433807	0.705073	0.882275	0.952526	0.907931	0.754408	0.513926	0.232660	0.000000
0.000000	0.434193	0.705336	0.882308	0.952318	0.907508	0.753831	0.513313	0.232237	0.000000
0.000000	0.434577	0.705599	0.882341	0.952110	0.907085	0.753254	0.512701	0.231816	0.000000
0.000000	0.434961	0.705861	0.882373	0.951901	0.906662	0.752678	0.512090	0.231395	0.000000
0.000000	0.435344	0.706122	0.882404	0.951692	0.906238	0.752101	0.511480	0.230976	0.000000
0.000000	0.435727	0.706383	0.882436	0.951483	0.905814	0.751524	0.510870	0.230557	0.000000
0.000000	0.436108	0.706644	0.882466	0.951273	0.905390	0.750948	0.510261	0.230140	0.000000
0.000000	0.436489	0.706903	0.882496	0.951062	0.904966	0.750371	0.509652	0.229724	0.000000
0.000000	0.436869	0.707163	0.882526	0.950851	0.904541	0.749795	0.509044	0.229308	0.000000
0.000000	0.437249	0.707421	0.882555	0.950640	0.904116	0.749218	0.508436	0.228894	0.000000
0.000000	0.437627	0.707679	0.882584	0.950429	0.903691	0.748642	0.507830	0.228481	0.000000
0.000000	0.438005	0.707937	0.882612	0.950216	0.903266	0.748066	0.507223	0.228069	0.000000
0.000000	0.438382	0.708194	0.882639	0.950004	0.902840	0.747490	0.506618	0.227658	0.000000
0.000000	0.438759	0.708450	0.882667	0.949791	0.902415	0.746913	0.506013	0.227248	0.000000
0.000000	0.439135	0.708706	0.882693	0.949578	0.901988	0.746337	0.505408	0.226840	0.000000
0.000000	0.439509	0.708961	0.882719	0.949364	0.901562	0.745761	0.504805	0.226432	0.000000
0.000000	0.439884	0.709216	0.882745	0.949150	0.901136	0.745185	0.504202	0.226025	0.000000
0.000000	0.440257	0.709470	0.882770	0.948936	0.900709	0.744609	0.503599	0.225619	0.000000
0.000000	0.440630	0.709724	0.882795	0.948721	0.900282	0.744034	0.502997	0.225215	0.000000
0.000000	0.441002	0.709976	0.882819	0.948506	0.899854	0.743458	0.502396	0.224811	0.000000
0.000000	0.441373	0.710229	0.882843	0.948290	0.899427	0.742882	0.501796	0.224408	0.000000
0.000000	0.441743	0.710481	0.882866	0.948074	0.898999	0.742307	0.501196	0.224007	0.000000
0.000000	0.442113	0.710732	0.882888	0.947858	0.898571	0.741731	0.500596	0.223606	0.000000
0.000000	0.442482	0.710982	0.882911	0.947641	0.898143	0.741156	0.499998	0.223206	0.000000
0.000000	0.442850	0.711232	0.882932	0.947423	0.897715	0.740580	0.499400	0.222808	0.000000
0.000000	0.443218	0.711482	0.882953	0.947206	0.897286	0.740005	0.498802	0.222410	0.000000
0.000000	0.443585	0.711731	0.882974	0.946988	0.896857	0.739430	0.498205	0.222014	0.000000
0.000000	0.443951	0.711979	0.882994	0.946769	0.896428	0.738855	0.497609	0.221618	0.000000
0.000000	0.444316	0.712227	0.883014	0.946550	0.895998	0.738280	0.497014	0.221224	0.000000
0.000000	0.444681	0.712474	0.883033	0.946331	0.895569	0.737705	0.496419	0.220830	0.000000
0.000000	0.445044	0.712721	0.883052	0.946111	0.895139	0.737130	0.495824	0.220438	0.000000
0.000000	0.445408	0.712967	0.883070	0.945891	0.894709	0.736555	0.495231	0.220046	0.000000
0.000000	0.445770	0.713212	0.883088	0.945671	0.894279	0.735981	0.494638	0.219655	0.000000
0.000000	0.446132	0.713457	0.883105	0.945450	0.893848	0.735406	0.494045	0.219266	0.000000
0.000000	0.446493	0.713701	0.883122	0.945229	0.893417	0.734832	0.493454	0.218877	0.000000
0.000000	0.446853	0.713945	0.883138	0.945007	0.892987	0.734257	0.492863	0.218490	0.000000
0.000000	0.447213	0.714188	0.883154	0.944785	0.892555	0.733683	0.492272	0.218103	0.000000
0.000000	0.447571	0.714431	0.883169	0.944563	0.892124	0.733109	0.491682	0.217717	0.000000
0.000000	0.447929	0.714672	0.883184	0.944340	0.891692	0.732535	0.491093	0.217333	0.000000
0.000000	0.448287	0.714914	0.883198	0.944117	0.891260	0.731961	0.490505	0.216949	0.000000
0.000000	0.448644	0.715155	0.883212	0.943893	0.890828	0.731387	0.489917	0.216566	0.000000
0.000000	0.449000	0.715395	0.883225	0.943669	0.890396	0.730813	0.489329	0.216184	0.000000
0.000000	0.449355	0.715635	0.883238	0.943445	0.889964	0.730239	0.488743	0.215803	0.000000
0.000000	0.449709	0.715874	0.883250	0.943220	0.889531	0.729666	0.488157	0.215423	0.000000
0.000000	0.450063	0.716112	0.883262	0.942995	0.889098	0.729092	0.487571	0.215044	0.000000
0.000000	0.450416	0.716350	0.883273	0.942769	0.888665	0.728519	0.486987	0.214666	0.000000
0.000000	0.450769	0.716588	0.883284	0.942543	0.888231	0.727945	0.486403	0.214289	0.000000
0.000000	0.451120	0.716825	0.883294	0.942317	0.887798	0.727372	0.485819	0.213913	0.000000
0.000000	0.451471	0.717061	0.883304	0.942090	0.887364	0.726799	0.485236	0.213538	0.000000
0.000000	0.451822	0.717296	0.883313	0.941863	0.886930	0.726226	0.484654	0.213163	0.000000
0.000000	0.452171	0.717532	0.883322	0.941635	0.886496	0.725654	0.484073	0.212790	0.000000
0.000000	0.452520	0.717766	0.883331	0.941407	0.886061	0.725081	0.483492	0.212417	0.000000
0.000000	0.452868	0.718000	0.883339	0.941179	0.885627	0.724508	0.482912	0.212046	0.000000
0.000000	0.453216	0.718233	0.883346	0.940950	0.885192	0.723936	0.482332	0.211675	0.000000
0.000000	0.453563	0.718466	0.883353	0.940721	0.884757	0.723363	0.481753	0.211305	0.000000
0.000000	0.453909	0.718699	0.883359	0.940492	0.884322	0.722791	0.481175	0.210937	0.000000
0.000000	0.454254	0.718930	0.883365	0.940262	0.883886	0.722219	0.480597	0.210569	0.000000
0.000000	0.454599	0.719161	0.883371	0.940032	0.883450	0.721647	0.480020	0.210202	0.000000
0.000000	0.454943	0.719392	0.883376	0.939801	0.883014	0.721075	0.479444	0.209836	0.000000
0.000000	0.455286	0.719622	0.883380	0.939570	0.882578	0.720503	0.478868	0.209471	0.000000
0.000000	0.455629	0.719851	0.883384	0.939339	0.882142	0.719932	0.478293	0.209106	0.000000
0.000000	0.455971	0.720080	0.883387	0.939107	0.881706	0.719360	0.477719	0.208743	0.000000
0.000000	0.456312	0.720308	0.883390	0.938875	0.881269	0.718789	0.477145	0.208380	0.000000
0.000000	0.456653	0.720536	0.883393	0.938642	0.880832	0.718218	0.476572	0.208019	0.000000
0.000000	0.456993	0.720763	0.883395	0.938409	0.880395	0.717647	0.475999	0.207658	0.000000
0.000000	0.457332	0.720990	0.883396	0.938176	0.879957	0.717076	0.475428	0.207298	0.000000
0.000000	0.457670	0.721215	0.883398	0.937942	0.879520	0.716505	0.474856	0.206939	0.000000
0.000000	0.458008	0.721441	0.883398	0.937708	0.879082	0.715934	0.474286	0.206581	0.000000
0.000000	0.458345	0.721666	0.883398	0.937474	0.878644	0.715364	0.473716	0.206224	0.000000
0.000000	0.458682	0.721890	0.883398	0.937239	0.878206	0.714793	0.473147	0.205867	0.000000
0.000000	0.459017	0.722114	0.883397	0.937004	0.877768	0.714223	0.472578	0.205512	0.000000
0.000000	0.459353	0.722337	0.883395	0.936768	0.877329	0.713653	0.472010	0.205157	0.000000
0.000000	0.459687	0.722559	0.883394	0.936532	0.876891	0.713083	0.471443	0.204804	0.000000
0.000000	0.460021	0.722781	0.883391	0.936296	0.876452	0.712513	0.470876	0.204451	0.000000
0.000000	0.460354	0.723003	0.883388	0.936059	0.876013	0.711943	0.470310	0.204099	0.000000
0.000000	0.460686	0.723223	0.883385	0.935822	0.875574	0.711374	0.469745	0.203748	0.000000
0.000000	0.461018	0.723444	0.883381	0.935584	0.875134	0.710804	0.469180	0.203397	0.000000
0.000000	0.461349	0.723663	0.883377	0.935346	0.874694	0.710235	0.468616	0.203048	0.000000
0.000000	0.461679	0.723883	0.883372	0.935108	0.874255	0.709666	0.468053	0.202699	0.000000
0.000000	0.462009	0.724101	0.883367	0.934870	0.873815	0.709097	0.467490	0.202351	0.000000
0.000000	0.462338	0.724319	0.883361	0.934631	0.873374	0.708528	0.466928	0.202004	0.000000
0.000000	0.462666	0.724536	0.883355	0.934391	0.872934	0.707959	0.466366	0.201658	0.000000
0.000000	0.462994	0.724753	0.883348	0.934151	0.872493	0.707391	0.465805	0.201313	0.000000
0.000000	0.463321	0.724970	0.883341	0.933911	0.872053	0.706822	0.465245	0.200968	0.000000
0.000000	0.463647	0.725185	0.883333	0.933671	0.871612	0.706254	0.464686	0.200625	0.000000
0.000000	0.463973	0.725400	0.883325	0.933430	0.871171	0.705686	0.464127	0.200282	0.000000
0.000000	0.464298	0.725615	0.883317	0.933189	0.870729	0.705118	0.463569	0.199940	0.000000
0.000000	0.464622	0.725829	0.883307	0.932947	0.870288	0.704550	0.463011	0.199599	0.000000
0.000000	0.464946	0.726042	0.883298	0.932705	0.869846	0.703983	0.462454	0.199259	0.000000
0.000000	0.465269	0.726255	0.883288	0.932463	0.869404	0.703415	0.461898	0.198919	0.000000
0.000000	0.465591	0.726468	0.883277	0.932220	0.868962	0.702848	0.461342	0.198580	0.000000
0.000000	0.465913	0.726679	0.883266	0.931977	0.868520	0.702281	0.460787	0.198242	0.000000
0.000000	0.466234	0.726891	0.883255	0.931733	0.868077	0.701714	0.460233	0.197905	0.000000
0.000000	0.466554	0.727101	0.883243	0.931490	0.867635	0.701147	0.459679	0.197569	0.000000
0.000000	0.466874	0.727311	0.883230	0.931245	0.867192	0.700581	0.459126	0.197234	0.000000
0.000000	0.467193	0.727521	0.883217	0.931001	0.866749	0.700014	0.458574	0.196899	0.000000
0.000000	0.467511	0.727730	0.883204	0.930756	0.866306	0.699448	0.458022	0.196565	0.000000
0.000000	0.467829	0.727938	0.883190	0.930510	0.865863	0.698882	0.457471	0.196232	0.000000
0.000000	0.468146	0.728146	0.883175	0.930265	0.865419	0.698316	0.456920	0.195900	0.000000
0.000000	0.468463	0.728353	0.883161	0.930019	0.864976	0.697750	0.456371	0.195568	0.000000
0.000000	0.468778	0.728559	0.883145	0.929772	0.864532	0.697185	0.455821	0.195237	0.000000
0.000000	0.469094	0.728766	0.883129	0.929525	0.864088	0.696619	0.455273	0.194907	0.000000
0.000000	0.469408	0.728971	0.883113	0.929278	0.863644	0.696054	0.454725	0.194578	0.000000
0.000000	0.469722	0.729176	0.883096	0.929031	0.863200	0.695489	0.454178	0.194250	0.000000
0.000000	0.470035	0.729380	0.883079	0.928783	0.862755	0.694924	0.453631	0.193922	0.000000
0.000000	0.470348	0.729584	0.883061	0.928535	0.862311	0.694359	0.453085	0.193595	0.000000
0.000000	0.470660	0.729787	0.883043	0.928286	0.861866	0.693795	0.452540	0.193269	0.000000
0.000000	0.470971	0.729990	0.883024	0.928037	0.861421	0.693231	0.451995	0.192944	0.000000
0.000000	0.471281	0.730192	0.883005	0.927788	0.860976	0.692666	0.451452	0.192620	0.000000
0.000000	0.471591	0.730394	0.882986	0.927538	0.860530	0.692102	0.450908	0.192296	0.000000
0.000000	0.471901	0.730595	0.882965	0.927288	0.860085	0.691539	0.450366	0.191973	0.000000
0.000000	0.472209	0.730795	0.882945	0.927038	0.859639	0.690975	0.449824	0.191651	0.000000
0.000000	0.472517	0.730995	0.882924	0.926787	0.859194	0.690412	0.449282	0.191329	0.000000
0.000000	0.472825	0.731194	0.882902	0.926536	0.858748	0.689848	0.448741	0.191008	0.000000
0.000000	0.473131	0.731393	0.882880	0.926284	0.858302	0.689285	0.448201	0.190688	0.000000
0.000000	0.473438	0.731591	0.882858	0.926032	0.857855	0.688723	0.447662	0.190369	0.000000
0.000000	0.473743	0.731789	0.882835	0.925780	0.857409	0.688160	0.447123	0.190051	0.000000
0.000000	0.474048	0.731986	0.882811	0.925527	0.856962	0.687597	0.446585	0.189733	0.000000
0.000000	0.474352	0.732183	0.882787	0.925275	0.856516	0.687035	0.446047	0.189416	0.000000
0.000000	0.474656	0.732379	0.882763	0.925021	0.856069	0.686473	0.445511	0.189100	0.000000
0.000000	0.474958	0.732574	0.882738	0.924768	0.855622	0.685911	0.444974	0.188784	0.000000
0.000000	0.475261	0.732769	0.882713	0.924514	0.855175	0.685349	0.444439	0.188470	0.000000
0.000000	0.475562	0.732963	0.882687	0.924259	0.854727	0.684788	0.443904	0.188156	0.000000
0.000000	0.475863	0.733157	0.882661	0.924005	0.854280	0.684227	0.443370	0.187842	0.000000
0.000000	0.476164	0.733350	0.882634	0.923749	0.853832	0.683666	0.442836	0.187530	0.000000
0.000000	0.476464	0.733542	0.882607	0.923494	0.853384	0.683105	0.442303	0.187218	0.000000
0.000000	0.476763	0.733734	0.882579	0.923238	0.852936	0.682544	0.441771	0.186907	0.000000
0.000000	0.477061	0.733926	0.882551	0.922982	0.852488	0.681983	0.441239	0.186596	0.000000
0.000000	0.477359	0.734117	0.882522	0.922726	0.852040	0.681423	0.440708	0.186287	0.000000
0.000000	0.477656	0.734307	0.882493	0.922469	0.851592	0.680863	0.440178	0.185978	0.000000
0.000000	0.477953	0.734497	0.882463	0.922212	0.851143	0.680303	0.439648	0.185669	0.000000
0.000000	0.478249	0.734686	0.882433	0.921954	0.850695	0.679743	0.439119	0.185362	0.000000
0.000000	0.478544	0.734875	0.882403	0.921696	0.850246	0.679184	0.438590	0.185055	0.000000
0.000000	0.478839	0.735063	0.882372	0.921438	0.849797	0.678625	0.438062	0.184749	0.000000
0.000000	0.479133	0.735250	0.882340	0.921179	0.849348	0.678066	0.437535	0.184444	0.000000
0.000000	0.479427	0.735437	0.882308	0.920920	0.848898	0.677507	0.437009	0.184139	0.000000
0.000000	0.479720	0.735624	0.882276	0.920661	0.848449	0.676948	0.436483	0.183835	0.000000
0.000000	0.480012	0.735810	0.882243	0.920402	0.848000	0.676390	0.435958	0.183532	0.000000
0.000000	0.480304	0.735995	0.882210	0.920142	0.847550	0.675831	0.435433	0.183229	0.000000
0.000000	0.480595	0.736180	0.882176	0.919881	0.847100	0.675273	0.434909	0.182927	0.000000
0.000000	0.480885	0.736364	0.882142	0.919621	0.846650	0.674716	0.434386	0.182626	0.000000
0.000000	0.481175	0.736547	0.882107	0.919360	0.846200	0.674158	0.433863	0.182325	0.000000
0.000000	0.481464	0.736730	0.882072	0.919098	0.845750	0.673601	0.433341	0.182025	0.000000
0.000000	0.481753	0.736913	0.882036	0.918836	0.845300	0.673044	0.432820	0.181726	0.000000
0.000000	0.482040	0.737095	0.882000	0.918574	0.844849	0.672487	0.432299	0.181428	0.000000
0.000000	0.482328	0.737276	0.881963	0.918312	0.844399	0.671930	0.431779	0.181130	0.000000
0.000000	0.482615	0.737457	0.881926	0.918049	0.843948	0.671373	0.431259	0.180833	0.000000
0.000000	0.482901	0.737637	0.881889	0.917786	0.843497	0.670817	0.430740	0.180536	0.000000
0.000000	0.483186	0.737817	0.881851	0.917523	0.843046	0.670261	0.430222	0.180241	0.000000
0.000000	0.483471	0.737996	0.881812	0.917259	0.842595	0.669705	0.429705	0.179946	0.000000
0.000000	0.483755	0.738175	0.881773	0.916995	0.842144	0.669150	0.429188	0.179651	0.000000
0.000000	0.484039	0.738353	0.881734	0.916730	0.841692	0.668594	0.428671	0.179357	0.000000
0.000000	0.484322	0.738531	0.881694	0.916466	0.841241	0.668039	0.428156	0.179064	0.000000
0.000000	0.484604	0.738708	0.881654	0.916200	0.840789	0.667484	0.427641	0.178772	0.000000
0.000000	0.484886	0.738884	0.881613	0.915935	0.840338	0.666930	0.427126	0.178480	0.000000
0.000000	0.485168	0.739060	0.881572	0.915669	0.839886	0.666375	0.426613	0.178189	0.000000
0.000000	0.485448	0.739235	0.881530	0.915403	0.839434	0.665821	0.426099	0.177899	0.000000
0.000000	0.485728	0.739410	0.881488	0.915137	0.838982	0.665267	0.425587	0.177609	0.000000
0.000000	0.486008	0.739584	0.881445	0.914870	0.838529	0.664713	0.425075	0.177320	0.000000
0.000000	0.486286	0.739758	0.881402	0.914603	0.838077	0.664159	0.424564	0.177031	0.000000
0.000000	0.486565	0.739931	0.881359	0.914335	0.837625	0.663606	0.424053	0.176744	0.000000
0.000000	0.486842	0.740103	0.881315	0.914067	0.837172	0.663053	0.423543	0.176457	0.000000
0.000000	0.487119	0.740275	0.881270	0.913799	0.836719	0.662500	0.423034	0.176170	0.000000
0.000000	0.487396	0.740447	0.881225	0.913531	0.836266	0.661948	0.422525	0.175884	0.000000
0.000000	0.487672	0.740618	0.881180	0.913262	0.835814	0.661395	0.422017	0.175599	0.000000
0.000000	0.487947	0.740788	0.881134	0.912993	0.835360	0.660843	0.421510	0.175314	0.000000
0.000000	0.488221	0.740958	0.881087	0.912723	0.834907	0.660291	0.421003	0.175030	0.000000
0.000000	0.488495	0.741127	0.881041	0.912453	0.834454	0.659739	0.420497	0.174747	0.000000
0.000000	0.488769	0.741296	0.880993	0.912183	0.834001	0.659188	0.419992	0.174465	0.000000
0.000000	0.489042	0.741464	0.880946	0.911913	0.833547	0.658637	0.419487	0.174183	0.000000
0.000000	0.489314	0.741631	0.880898	0.911642	0.833093	0.658086	0.418983	0.173901	0.000000
0.000000	0.489586	0.741798	0.880849	0.911371	0.832640	0.657535	0.418479	0.173620	0.000000
0.000000	0.489857	0.741965	0.880800	0.911099	0.832186	0.656985	0.417976	0.173340	0.000000
0.000000	0.490127	0.742131	0.880750	0.910827	0.831732	0.656434	0.417474	0.173061	0.000000
0.000000	0.490397	0.742296	0.880700	0.910555	0.831278	0.655885	0.416972	0.172782	0.000000
0.000000	0.490666	0.742461	0.880650	0.910283	0.830824	0.655335	0.416471	0.172504	0.000000
0.000000	0.490935	0.742625	0.880599	0.910010	0.830369	0.654785	0.415970	0.172226	0.000000
0.000000	0.491203	0.742789	0.880548	0.909737	0.829915	0.654236	0.415471	0.171949	0.000000
0.000000	0.491471	0.742952	0.880496	0.909463	0.829461	0.653687	0.414971	0.171673	0.000000
0.000000	0.491738	0.743115	0.880443	0.909190	0.829006	0.653138	0.414473	0.171397	0.000000
0.000000	0.492004	0.743277	0.880391	0.908915	0.828551	0.652590	0.413975	0.171122	0.000000
0.000000	0.492270	0.743438	0.880338	0.908641	0.828097	0.652042	0.413478	0.170847	0.000000
0.000000	0.492535	0.743599	0.880284	0.908366	0.827642	0.651494	0.412981	0.170573	0.000000
0.000000	0.492799	0.743759	0.880230	0.908091	0.827187	0.650946	0.412485	0.170300	0.000000
0.000000	0.493063	0.743919	0.880175	0.907816	0.826732	0.650398	0.411989	0.170027	0.000000
0.000000	0.493327	0.744079	0.880120	0.907540	0.826276	0.649851	0.411495	0.169755	0.000000
0.000000	0.493590	0.744237	0.880065	0.907264	0.825821	0.649304	0.411000	0.169483	0.000000
0.000000	0.493852	0.744396	0.880009	0.906988	0.825366	0.648757	0.410507	0.169212	0.000000
0.000000	0.494113	0.744553	0.879952	0.906711	0.824910	0.648211	0.410014	0.168942	0.000000
0.000000	0.494375	0.744711	0.879896	0.906434	0.824455	0.647665	0.409522	0.168672	0.000000
0.000000	0.494635	0.744867	0.879838	0.906157	0.823999	0.647119	0.409030	0.168403	0.000000
0.000000	0.494895	0.745023	0.879781	0.905879	0.823543	0.646573	0.408539	0.168135	0.000000
0.000000	0.495154	0.745179	0.879722	0.905601	0.823087	0.646027	0.408048	0.167867	0.000000
0.000000	0.495413	0.745334	0.879664	0.905323	0.822632	0.645482	0.407559	0.167599	0.000000
0.000000	0.495671	0.745488	0.879605	0.905044	0.822176	0.644937	0.407069	0.167332	0.000000
0.000000	0.495929	0.745642	0.879545	0.904765	0.821719	0.644393	0.406581	0.167066	0.000000
0.000000	0.496186	0.745795	0.879485	0.904486	0.821263	0.643848	0.406093	0.166801	0.000000
0.000000	0.496442	0.745948	0.879425	0.904207	0.820807	0.643304	0.405605	0.166536	0.000000
0.000000	0.496698	0.746100	0.879364	0.903927	0.820350	0.642760	0.405119	0.166271	0.000000
0.000000	0.496954	0.746252	0.879302	0.903647	0.819894	0.642217	0.404633	0.166007	0.000000
0.000000	0.497208	0.746403	0.879241	0.903366	0.819437	0.641673	0.404147	0.165744	0.000000
0.000000	0.497462	0.746554	0.879178	0.903085	0.818981	0.641130	0.403662	0.165481	0.000000
0.000000	0.497716	0.746704	0.879116	0.902804	0.818524	0.640587	0.403178	0.165219	0.000000
0.000000	0.497969	0.746853	0.879052	0.902523	0.818067	0.640045	0.402694	0.164958	0.000000
0.000000	0.498222	0.747002	0.878989	0.902241	0.817610	0.639502	0.402211	0.164697	0.000000
0.000000	0.498473	0.747151	0.878925	0.901959	0.817153	0.638960	0.401729	0.164436	0.000000
0.000000	0.498725	0.747299	0.878860	0.901677	0.816696	0.638419	0.401247	0.164176	0.000000
0.000000	0.498975	0.747446	0.878795	0.901394	0.816239	0.637877	0.400766	0.163917	0.000000
0.000000	0.499226	0.747593	0.878730	0.901111	0.815782	0.637336	0.400285	0.163658	0.000000
0.000000	0.499475	0.747739	0.878664	0.900828	0.815325	0.636795	0.399805	0.163400	0.000000
0.000000	0.499724	0.747885	0.878598	0.900544	0.814867	0.636254	0.399326	0.163142	0.000000
0.000000	0.499973	0.748030	0.878531	0.900260	0.814410	0.635714	0.398847	0.162885	0.000000
0.000000	0.500221	0.748175	0.878464	0.899976	0.813952	0.635174	0.398369	0.162629	0.000000
0.000000	0.500468	0.748319	0.878396	0.899691	0.813495	0.634634	0.397892	0.162373	0.000000
0.000000	0.500715	0.748462	0.878328	0.899406	0.813037	0.634094	0.397415	0.162118	0.000000
0.000000	0.500961	0.748605	0.878260	0.899121	0.812579	0.633555	0.396939	0.161863	0.000000
0.000000	0.501207	0.748748	0.878191	0.898836	0.812122	0.633016	0.396463	0.161608	0.000000
0.000000	0.501452	0.748890	0.878121	0.898550	0.811664	0.632477	0.395988	0.161355	0.000000
0.000000	0.501696	0.749031	0.878052	0.898264	0.811206	0.631939	0.395513	0.161102	0.000000
0.000000	0.501940	0.749172	0.877981	0.897978	0.810748	0.631401	0.395040	0.160849	0.000000
0.000000	0.502184	0.749313	0.877911	0.897691	0.810290	0.630863	0.394566	0.160597	0.000000
0.000000	0.502426	0.749452	0.877839	0.897404	0.809831	0.630325	0.394094	0.160345	0.000000
0.000000	0.502669	0.749592	0.877768	0.897117	0.809373	0.629788	0.393622	0.160094	0.000000
0.000000	0.502910	0.749730	0.877696	0.896829	0.808915	0.629250	0.393150	0.159844	0.000000
0.000000	0.503152	0.749868	0.877623	0.896541	0.808456	0.628714	0.392680	0.159594	0.000000
0.000000	0.503392	0.750006	0.877550	0.896253	0.807998	0.628177	0.392209	0.159344	0.000000
0.000000	0.503632	0.750143	0.877477	0.895965	0.807540	0.627641	0.391740	0.159096	0.000000
0.000000	0.503872	0.750280	0.877403	0.895676	0.807081	0.627105	0.391271	0.158847	0.000000
0.000000	0.504111	0.750416	0.877329	0.895387	0.806622	0.626569	0.390802	0.158599	0.000000
0.000000	0.504349	0.750551	0.877254	0.895098	0.806164	0.626034	0.390335	0.158352	0.000000
0.000000	0.504587	0.750686	0.877179	0.894808	0.805705	0.625499	0.389867	0.158105	0.000000
0.000000	0.504824	0.750821	0.877104	0.894518	0.805246	0.624964	0.389401	0.157859	0.000000
0.000000	0.505061	0.750955	0.877027	0.894228	0.804787	0.624429	0.388935	0.157613	0.000000
0.000000	0.505297	0.751088	0.876951	0.893937	0.804328	0.623895	0.388469	0.157368	0.000000
0.000000	0.505533	0.751221	0.876874	0.893646	0.803869	0.623361	0.388005	0.157124	0.000000
0.000000	0.505768	0.751353	0.876797	0.893355	0.803410	0.622827	0.387541	0.156880	0.000000
0.000000	0.506002	0.751485	0.876719	0.893064	0.802951	0.622294	0.387077	0.156636	0.000000
0.000000	0.506236	0.751616	0.876641	0.892772	0.802492	0.621761	0.386614	0.156393	0.000000
0.000000	0.506470	0.751747	0.876562	0.892480	0.802033	0.621228	0.386152	0.156150	0.000000
0.000000	0.506703	0.751877	0.876483	0.892188	0.801574	0.620695	0.385690	0.155908	0.000000
0.000000	0.506935	0.752007	0.876404	0.891895	0.801114	0.620163	0.385229	0.155667	0.000000
0.000000	0.507167	0.752136	0.876324	0.891602	0.800655	0.619631	0.384768	0.155426	0.000000
0.000000	0.507398	0.752264	0.876243	0.891309	0.800195	0.619100	0.384308	0.155185	0.000000
0.000000	0.507629	0.752392	0.876162	0.891016	0.799736	0.618568	0.383849	0.154945	0.000000
0.000000	0.507859	0.752520	0.876081	0.890722	0.799276	0.618037	0.383390	0.154706	0.000000
0.000000	0.508088	0.752647	0.875999	0.890428	0.798817	0.617506	0.382932	0.154467	0.000000
0.000000	0.508317	0.752773	0.875917	0.890134	0.798357	0.616976	0.382474	0.154228	0.000000
0.000000	0.508546	0.752899	0.875835	0.889839	0.797898	0.616446	0.382017	0.153990	0.000000
0.000000	0.508774	0.753025	0.875752	0.889544	0.797438	0.615916	0.381561	0.153753	0.000000
0.000000	0.509001	0.753149	0.875668	0.889249	0.796978	0.615386	0.381105	0.153516	0.000000
0.000000	0.509228	0.753274	0.875584	0.888953	0.796518	0.614857	0.380649	0.153279	0.000000
0.000000	0.509455	0.753398	0.875500	0.888658	0.796059	0.614328	0.380195	0.153043	0.000000
0.000000	0.509680	0.753521	0.875415	0.888362	0.795599	0.613799	0.379741	0.152808	0.000000
0.000000	0.509906	0.753644	0.875330	0.888065	0.795139	0.613271	0.379287	0.152573	0.000000
0.000000	0.510130	0.753766	0.875245	0.887769	0.794679	0.612743	0.378834	0.152338	0.000000
0.000000	0.510354	0.753887	0.875159	0.887472	0.794219	0.612215	0.378382	0.152104	0.000000
0.000000	0.510578	0.754009	0.875072	0.887175	0.793759	0.611687	0.377930	0.151871	0.000000
0.000000	0.510801	0.754129	0.874985	0.886877	0.793299	0.611160	0.377479	0.151638	0.000000
0.000000	0.511024	0.754249	0.874898	0.886579	0.792838	0.610633	0.377029	0.151405	0.000000
0.000000	0.511246	0.754369	0.874810	0.886281	0.792378	0.610106	0.376579	0.151173	0.000000
0.000000	0.511467	0.754488	0.874722	0.885983	0.791918	0.609580	0.376129	0.150942	0.000000
0.000000	0.511688	0.754606	0.874633	0.885685	0.791458	0.609054	0.375681	0.150710	0.000000
0.000000	0.511909	0.754724	0.874544	0.885386	0.790998	0.608528	0.375232	0.150480	0.000000
0.000000	0.512129	0.754842	0.874455	0.885087	0.790537	0.608003	0.374785	0.150250	0.000000
0.000000	0.512348	0.754959	0.874365	0.884787	0.790077	0.607478	0.374338	0.150020	0.000000
0.000000	0.512567	0.755075	0.874275	0.884487	0.789616	0.606953	0.373891	0.149791	0.000000
0.000000	0.512785	0.755191	0.874184	0.884187	0.789156	0.606429	0.373445	0.149562	0.000000
0.000000	0.513003	0.755306	0.874093	0.883887	0.788696	0.605904	0.373000	0.149334	0.000000
0.000000	0.513220	0.755421	0.874001	0.883587	0.788235	0.605380	0.372556	0.149106	0.000000
0.000000	0.513437	0.755536	0.873909	0.883286	0.787775	0.604857	0.372111	0.148879	0.000000
0.000000	0.513653	0.755649	0.873817	0.882985	0.787314	0.604334	0.371668	0.148652	0.000000
0.000000	0.513868	0.755763	0.873724	0.882683	0.786854	0.603811	0.371225	0.148426	0.000000
0.000000	0.514084	0.755875	0.873630	0.882382	0.786393	0.603288	0.370782	0.148200	0.000000
0.000000	0.514298	0.755988	0.873537	0.882080	0.785932	0.602766	0.370341	0.147975	0.000000
0.000000	0.514512	0.756099	0.873443	0.881778	0.785472	0.602244	0.369899	0.147750	0.000000
0.000000	0.514726	0.756210	0.873348	0.881475	0.785011	0.601722	0.369459	0.147525	0.000000
0.000000	0.514939	0.756321	0.873253	0.881173	0.784550	0.601200	0.369019	0.147301	0.000000
0.000000	0.515151	0.756431	0.873158	0.880870	0.784090	0.600679	0.368579	0.147078	0.000000
0.000000	0.515363	0.756541	0.873062	0.880567	0.783629	0.600158	0.368140	0.146855	0.000000
0.000000	0.515574	0.756650	0.872965	0.880263	0.783168	0.599638	0.367702	0.146632	0.000000
0.000000	0.515785	0.756758	0.872869	0.879959	0.782707	0.599118	0.367264	0.146410	0.000000
0.000000	0.515996	0.756866	0.872772	0.879655	0.782246	0.598598	0.366827	0.146188	0.000000
0.000000	0.516206	0.756974	0.872674	0.879351	0.781786	0.598078	0.366390	0.145967	0.000000
0.000000	0.516415	0.757081	0.872576	0.879046	0.781325	0.597559	0.365954	0.145746	0.000000
0.000000	0.516624	0.757187	0.872478	0.878741	0.780864	0.597040	0.365519	0.145526	0.000000
0.000000	0.516832	0.757293	0.872379	0.878436	0.780403	0.596521	0.365084	0.145306	0.000000
0.000000	0.517040	0.757399	0.872280	0.878131	0.779942	0.596003	0.364649	0.145087	0.000000
0.000000	0.517247	0.757504	0.872180	0.877825	0.779481	0.595485	0.364216	0.144868	0.000000
0.000000	0.517454	0.757608	0.872080	0.877519	0.779020	0.594967	0.363782	0.144649	0.000000
0.000000	0.517660	0.757712	0.871980	0.877213	0.778559	0.594450	0.363350	0.144431	0.000000
0.000000	0.517865	0.757815	0.871879	0.876907	0.778098	0.593933	0.362918	0.144213	0.000000
0.000000	0.518071	0.757918	0.871777	0.876600	0.777637	0.593416	0.362486	0.143996	0.000000
0.000000	0.518275	0.758021	0.871676	0.876293	0.777176	0.592900	0.362055	0.143779	0.000000
0.000000	0.518479	0.758122	0.871574	0.875986	0.776715	0.592384	0.361625	0.143563	0.000000
0.000000	0.518683	0.758224	0.871471	0.875679	0.776254	0.591868	0.361195	0.143347	0.000000
0.000000	0.518886	0.758324	0.871368	0.875371	0.775793	0.591353	0.360766	0.143132	0.000000
0.000000	0.519088	0.758425	0.871265	0.875063	0.775332	0.590837	0.360337	0.142917	0.000000
0.000000	0.519290	0.758524	0.871161	0.874755	0.774871	0.590323	0.359909	0.142702	0.000000
0.000000	0.519492	0.758624	0.871057	0.874446	0.774410	0.589808	0.359481	0.142488	0.000000
0.000000	0.519693	0.758722	0.870952	0.874137	0.773949	0.589294	0.359054	0.142275	0.000000
0.000000	0.519894	0.758821	0.870847	0.873828	0.773488	0.588780	0.358628	0.142061	0.000000
0.000000	0.520093	0.758918	0.870741	0.873519	0.773027	0.588266	0.358202	0.141849	0.000000
0.000000	0.520293	0.759015	0.870635	0.873210	0.772566	0.587753	0.357777	0.141636	0.000000
0.000000	0.520492	0.759112	0.870529	0.872900	0.772105	0.587240	0.357352	0.141424	0.000000
0.000000	0.520690	0.759208	0.870422	0.872590	0.771644	0.586728	0.356928	0.141213	0.000000
0.000000	0.520888	0.759304	0.870315	0.872280	0.771183	0.586215	0.356504	0.141002	0.000000
0.000000	0.521086	0.759399	0.870208	0.871969	0.770722	0.585703	0.356081	0.140791	0.000000
0.000000	0.521283	0.759494	0.870100	0.871658	0.770261	0.585192	0.355659	0.140581	0.000000
0.000000	0.521479	0.759588	0.869991	0.871347	0.769799	0.584680	0.355237	0.140371	0.000000
0.000000	0.521675	0.759681	0.869883	0.871036	0.769338	0.584169	0.354815	0.140161	0.000000
0.000000	0.521870	0.759774	0.869774	0.870724	0.768877	0.583659	0.354394	0.139953	0.000000
0.000000	0.522065	0.759867	0.869664	0.870413	0.768416	0.583148	0.353974	0.139744	0.000000
0.000000	0.522259	0.759959	0.869554	0.870101	0.767955	0.582638	0.353554	0.139536	0.000000
0.000000	0.522453	0.760050	0.869444	0.869788	0.767494	0.582129	0.353135	0.139328	0.000000
0.000000	0.522647	0.760141	0.869333	0.869476	0.767033	0.581619	0.352716	0.139121	0.000000
0.000000	0.522839	0.760232	0.869221	0.869163	0.766572	0.581110	0.352298	0.138914	0.000000
0.000000	0.523032	0.760322	0.869110	0.868850	0.766111	0.580602	0.351881	0.138708	0.000000
0.000000	0.523224	0.760411	0.868998	0.868537	0.765650	0.580093	0.351464	0.138501	0.000000
0.000000	0.523415	0.760500	0.868885	0.868223	0.765189	0.579585	0.351047	0.138296	0.000000
0.000000	0.523606	0.760589	0.868772	0.867909	0.764728	0.579078	0.350631	0.138091	0.000000
0.000000	0.523796	0.760677	0.868659	0.867595	0.764267	0.578570	0.350216	0.137886	0.000000
0.000000	0.523986	0.760764	0.868545	0.867281	0.763806	0.578063	0.349801	0.137681	0.000000
0.000000	0.524175	0.760851	0.868431	0.866967	0.763345	0.577556	0.349387	0.137477	0.000000
0.000000	0.524364	0.760938	0.868317	0.866652	0.762884	0.577050	0.348973	0.137274	0.000000
0.000000	0.524552	0.761024	0.868202	0.866337	0.762422	0.576544	0.348560	0.137071	0.000000
0.000000	0.524740	0.761109	0.868087	0.866022	0.761962	0.576038	0.348147	0.136868	0.000000
0.000000	0.524927	0.761194	0.867971	0.865706	0.761501	0.575533	0.347735	0.136666	0.000000
0.000000	0.525114	0.761278	0.867855	0.865391	0.761040	0.575027	0.347324	0.136464	0.000000
0.000000	0.525300	0.761362	0.867738	0.865075	0.760579	0.574523	0.346913	0.136262	0.000000
0.000000	0.525486	0.761446	0.867621	0.864759	0.760118	0.574018	0.346502	0.136061	0.000000
0.000000	0.525672	0.761529	0.867504	0.864442	0.759657	0.573514	0.346092	0.135860	0.000000
0.000000	0.525856	0.761611	0.867386	0.864125	0.759196	0.573010	0.345683	0.135660	0.000000
0.000000	0.526041	0.761693	0.867268	0.863809	0.758735	0.572507	0.345274	0.135460	0.000000
0.000000	0.526224	0.761774	0.867150	0.863491	0.758274	0.572004	0.344866	0.135260	0.000000
0.000000	0.526408	0.761855	0.867031	0.863174	0.757813	0.571501	0.344458	0.135061	0.000000
0.000000	0.526590	0.761935	0.866912	0.862856	0.757352	0.570999	0.344051	0.134862	0.000000
0.000000	0.526773	0.762015	0.866792	0.862539	0.756892	0.570496	0.343644	0.134664	0.000000
0.000000	0.526955	0.762095	0.866672	0.862221	0.756431	0.569995	0.343238	0.134466	0.000000
0.000000	0.527136	0.762173	0.866551	0.861902	0.755970	0.569493	0.342832	0.134268	0.000000
0.000000	0.527317	0.762252	0.866430	0.861584	0.755509	0.568992	0.342427	0.134071	0.000000
0.000000	0.527497	0.762330	0.866309	0.861265	0.755048	0.568491	0.342023	0.133874	0.000000
0.000000	0.527677	0.762407	0.866187	0.860946	0.754588	0.567991	0.341619	0.133678	0.000000
0.000000	0.527856	0.762484	0.866065	0.860627	0.754127	0.567491	0.341215	0.133482	0.000000
0.000000	0.528035	0.762560	0.865942	0.860307	0.753666	0.566991	0.340812	0.133286	0.000000
0.000000	0.528213	0.762636	0.865820	0.859988	0.753206	0.566492	0.340410	0.133091	0.000000
0.000000	0.528391	0.762711	0.865696	0.859668	0.752745	0.565992	0.340008	0.132896	0.000000
0.000000	0.528569	0.762786	0.865573	0.859348	0.752285	0.565494	0.339607	0.132701	0.000000
0.000000	0.528745	0.762861	0.865448	0.859027	0.751824	0.564995	0.339206	0.132507	0.000000
0.000000	0.528922	0.762934	0.865324	0.858707	0.751363	0.564497	0.338806	0.132314	0.000000
0.000000	0.529098	0.763008	0.865199	0.858386	0.750903	0.563999	0.338406	0.132120	0.000000
0.000000	0.529273	0.763081	0.865074	0.858065	0.750442	0.563502	0.338007	0.131927	0.000000
0.000000	0.529448	0.763153	0.864948	0.857744	0.749982	0.563005	0.337608	0.131735	0.000000
0.000000	0.529623	0.763225	0.864822	0.857422	0.749522	0.562508	0.337210	0.131542	0.000000
0.000000	0.529796	0.763296	0.864695	0.857100	0.749061	0.562012	0.336812	0.131350	0.000000
0.000000	0.529970	0.763367	0.864569	0.856778	0.748601	0.561515	0.336415	0.131159	0.000000
0.000000	0.530143	0.763437	0.864441	0.856456	0.748141	0.561020	0.336019	0.130968	0.000000
0.000000	0.530315	0.763507	0.864314	0.856134	0.747680	0.560524	0.335623	0.130777	0.000000
0.000000	0.530487	0.763576	0.864186	0.855811	0.747220	0.560029	0.335227	0.130587	0.000000
0.000000	0.530659	0.763645	0.864057	0.855488	0.746760	0.559535	0.334832	0.130397	0.000000
0.000000	0.530830	0.763714	0.863928	0.855165	0.746300	0.559040	0.334438	0.130207	0.000000
0.000000	0.531000	0.763782	0.863799	0.854842	0.745839	0.558546	0.334044	0.130018	0.000000
0.000000	0.531170	0.763849	0.863669	0.854519	0.745379	0.558052	0.333650	0.129829	0.000000
0.000000	0.531340	0.763916	0.863539	0.854195	0.744919	0.557559	0.333257	0.129641	0.000000
0.000000	0.531509	0.763982	0.863409	0.853871	0.744459	0.557066	0.332865	0.129452	0.000000
0.000000	0.531678	0.764048	0.863278	0.853547	0.743999	0.556573	0.332473	0.129265	0.000000
0.000000	0.531846	0.764113	0.863147	0.853222	0.743539	0.556081	0.332082	0.129077	0.000000
0.000000	0.532013	0.764178	0.863016	0.852898	0.743079	0.555589	0.331691	0.128890	0.000000
0.000000	0.532181	0.764243	0.862884	0.852573	0.742619	0.555097	0.331300	0.128703	0.000000
0.000000	0.532347	0.764307	0.862751	0.852248	0.742160	0.554606	0.330911	0.128517	0.000000
0.000000	0.532513	0.764370	0.862619	0.851923	0.741700	0.554115	0.330521	0.128331	0.000000
0.000000	0.532679	0.764433	0.862485	0.851597	0.741240	0.553624	0.330133	0.128146	0.000000
0.000000	0.532844	0.764495	0.862352	0.851272	0.740780	0.553134	0.329744	0.127960	0.000000
0.000000	0.533009	0.764557	0.862218	0.850946	0.740321	0.552644	0.329357	0.127775	0.000000
0.000000	0.533173	0.764619	0.862084	0.850620	0.739861	0.552154	0.328969	0.127591	0.000000
0.000000	0.533337	0.764680	0.861949	0.850294	0.739401	0.551665	0.328583	0.127407	0.000000
0.000000	0.533500	0.764740	0.861814	0.849967	0.738942	0.551176	0.328196	0.127223	0.000000
0.000000	0.533663	0.764800	0.861679	0.849640	0.738482	0.550688	0.327811	0.127039	0.000000
0.000000	0.533826	0.764860	0.861543	0.849313	0.738023	0.550199	0.327425	0.126856	0.000000
0.000000	0.533987	0.764919	0.861407	0.848986	0.737563	0.549711	0.327041	0.126674	0.000000
0.000000	0.534149	0.764977	0.861270	0.848659	0.737104	0.549224	0.326657	0.126491	0.000000
0.000000	0.534310	0.765035	0.861133	0.848331	0.736645	0.548737	0.326273	0.126309	0.000000
0.000000	0.534470	0.765093	0.860996	0.848004	0.736186	0.548250	0.325890	0.126127	0.000000
0.000000	0.534630	0.765150	0.860858	0.847676	0.735726	0.547763	0.325507	0.125946	0.000000
0.000000	0.534790	0.765206	0.860720	0.847348	0.735267	0.547277	0.325125	0.125765	0.000000
0.000000	0.534949	0.765262	0.860582	0.847019	0.734808	0.546791	0.324743	0.125584	0.000000
0.000000	0.535107	0.765318	0.860443	0.846691	0.734349	0.546306	0.324362	0.125404	0.000000
0.000000	0.535265	0.765373	0.860303	0.846362	0.733890	0.545820	0.323982	0.125224	0.000000
0.000000	0.535423	0.765428	0.860164	0.846033	0.733431	0.545336	0.323602	0.125044	0.000000
0.000000	0.535580	0.765482	0.860024	0.845704	0.732972	0.544851	0.323222	0.124865	0.000000
0.000000	0.535737	0.765535	0.859883	0.845374	0.732513	0.544367	0.322843	0.124686	0.000000
0.000000	0.535893	0.765589	0.859743	0.845045	0.732055	0.543883	0.322464	0.124508	0.000000
0.000000	0.536049	0.765641	0.859602	0.844715	0.731596	0.543400	0.322086	0.124329	0.000000
0.000000	0.536204	0.765693	0.859460	0.844385	0.731137	0.542917	0.321709	0.124151	0.000000
0.000000	0.536359	0.765745	0.859318	0.844055	0.730679	0.542434	0.321331	0.123974	0.000000
0.000000	0.536513	0.765796	0.859176	0.843724	0.730220	0.541952	0.320955	0.123796	0.000000
0.000000	0.536667	0.765847	0.859033	0.843394	0.729761	0.541470	0.320579	0.123620	0.000000
0.000000	0.536820	0.765897	0.858890	0.843063	0.729303	0.540988	0.320203	0.123443	0.000000
0.000000	0.536973	0.765947	0.858747	0.842732	0.728845	0.540507	0.319828	0.123267	0.000000
0.000000	0.537125	0.765996	0.858603	0.842401	0.728386	0.540026	0.319453	0.123091	0.000000
0.000000	0.537277	0.766045	0.858459	0.842069	0.727928	0.539545	0.319079	0.122915	0.000000
0.000000	0.537429	0.766093	0.858314	0.841738	0.727470	0.539065	0.318706	0.122740	0.000000
0.000000	0.537580	0.766141	0.858170	0.841406	0.727012	0.538585	0.318333	0.122565	0.000000
0.000000	0.537730	0.766188	0.858024	0.841074	0.726554	0.538105	0.317960	0.122391	0.000000
0.000000	0.537880	0.766235	0.857879	0.840742	0.726096	0.537626	0.317588	0.122216	0.000000
0.000000	0.538030	0.766282	0.857733	0.840410	0.725638	0.537147	0.317216	0.122042	0.000000
0.000000	0.538179	0.766328	0.857586	0.840077	0.725180	0.536668	0.316845	0.121869	0.000000
0.000000	0.538328	0.766373	0.857439	0.839744	0.724722	0.536190	0.316475	0.121696	0.000000
0.000000	0.538476	0.766418	0.857292	0.839411	0.724264	0.535712	0.316104	0.121523	0.000000
0.000000	0.538624	0.766462	0.857145	0.839078	0.723807	0.535235	0.315735	0.121350	0.000000
0.000000	0.538771	0.766506	0.856997	0.838745	0.723349	0.534757	0.315366	0.121178	0.000000
0.000000	0.538918	0.766550	0.856849	0.838411	0.722891	0.534281	0.314997	0.121006	0.000000
0.000000	0.539064	0.766593	0.856700	0.838078	0.722434	0.533804	0.314629	0.120834	0.000000
0.000000	0.539210	0.766635	0.856551	0.837744	0.721976	0.533328	0.314261	0.120663	0.000000
0.000000	0.539356	0.766677	0.856402	0.837410	0.721519	0.532852	0.313894	0.120492	0.000000
0.000000	0.539501	0.766719	0.856252	0.837076	0.721062	0.532377	0.313527	0.120321	0.000000
0.000000	0.539645	0.766760	0.856102	0.836741	0.720605	0.531902	0.313161	0.120151	0.000000
0.000000	0.539789	0.766801	0.855952	0.836406	0.720147	0.531427	0.312795	0.119981	0.000000
0.000000	0.539933	0.766841	0.855801	0.836072	0.719690	0.530953	0.312430	0.119811	0.000000
0.000000	0.540076	0.766881	0.855650	0.835737	0.719233	0.530479	0.312065	0.119642	0.000000
0.000000	0.540219	0.766920	0.855498	0.835401	0.718776	0.530005	0.311701	0.119473	0.000000
0.000000	0.540361	0.766959	0.855346	0.835066	0.718320	0.529532	0.311337	0.119304	0.000000
0.000000	0.540503	0.766997	0.855194	0.834731	0.717863	0.529059	0.310973	0.119135	0.000000
0.000000	0.540644	0.767035	0.855041	0.834395	0.717406	0.528586	0.310611	0.118967	0.000000
0.000000	0.540785	0.767072	0.854888	0.834059	0.716949	0.528114	0.310248	0.118800	0.000000
0.000000	0.540925	0.767109	0.854735	0.833723	0.716493	0.527642	0.309886	0.118632	0.000000
0.000000	0.541065	0.767145	0.854581	0.833387	0.716036	0.527170	0.309525	0.118465	0.000000
0.000000	0.541205	0.767181	0.854427	0.833050	0.715580	0.526699	0.309164	0.118298	0.000000
0.000000	0.541344	0.767216	0.854273	0.832713	0.715124	0.526228	0.308804	0.118131	0.000000
0.000000	0.541482	0.767251	0.854118	0.832377	0.714667	0.525758	0.308444	0.117965	0.000000
0.000000	0.541620	0.767286	0.853963	0.832040	0.714211	0.525287	0.308084	0.117799	0.000000
0.000000	0.541758	0.767320	0.853807	0.831703	0.713755	0.524818	0.307725	0.117634	0.000000
0.000000	0.541895	0.767353	0.853651	0.831365	0.713299	0.524348	0.307367	0.117468	0.000000
0.000000	0.542032	0.767386	0.853495	0.831028	0.712843	0.523879	0.307008	0.117303	0.000000
0.000000	0.542168	0.767419	0.853338	0.830690	0.712387	0.523410	0.306651	0.117139	0.000000
0.000000	0.542304	0.767451	0.853182	0.830352	0.711932	0.522942	0.306294	0.116974	0.000000
0.000000	0.542439	0.767483	0.853024	0.830014	0.711476	0.522474	0.305937	0.116810	0.000000
0.000000	0.542574	0.767514	0.852867	0.829676	0.711020	0.522006	0.305581	0.116646	0.000000
0.000000	0.542709	0.767544	0.852708	0.829337	0.710565	0.521539	0.305225	0.116483	0.000000
0.000000	0.542843	0.767575	0.852550	0.828999	0.710109	0.521072	0.304870	0.116320	0.000000
0.000000	0.542977	0.767604	0.852391	0.828660	0.709654	0.520605	0.304515	0.116157	0.000000
0.000000	0.543110	0.767634	0.852232	0.828321	0.709199	0.520139	0.304161	0.115994	0.000000
0.000000	0.543242	0.767663	0.852073	0.827982	0.708744	0.519673	0.303807	0.115832	0.000000
0.000000	0.543375	0.767691	0.851913	0.827643	0.708288	0.519207	0.303454	0.115670	0.000000
0.000000	0.543506	0.767719	0.851753	0.827303	0.707833	0.518742	0.303101	0.115508	0.000000
0.000000	0.543638	0.767746	0.851592	0.826964	0.707378	0.518277	0.302748	0.115347	0.000000
0.000000	0.543769	0.767773	0.851431	0.826624	0.706924	0.517813	0.302397	0.115186	0.000000
0.000000	0.543899	0.767800	0.851270	0.826284	0.706469	0.517348	0.302045	0.115025	0.000000
0.000000	0.544029	0.767826	0.851108	0.825944	0.706014	0.516884	0.301694	0.114864	0.000000
0.000000	0.544158	0.767851	0.850947	0.825604	0.705560	0.516421	0.301344	0.114704	0.000000
0.000000	0.544288	0.767876	0.850784	0.825263	0.705105	0.515958	0.300993	0.114544	0.000000
0.000000	0.544416	0.767901	0.850622	0.824923	0.704651	0.515495	0.300644	0.114385	0.000000
0.000000	0.544544	0.767925	0.850459	0.824582	0.704196	0.515033	0.300295	0.114225	0.000000
0.000000	0.544672	0.767949	0.850295	0.824241	0.703742	0.514571	0.299946	0.114066	0.000000
0.000000	0.544799	0.767972	0.850132	0.823900	0.703288	0.514109	0.299598	0.113908	0.000000
0.000000	0.544926	0.767995	0.849967	0.823559	0.702834	0.513648	0.299250	0.113749	0.000000
0.000000	0.545053	0.768017	0.849803	0.823217	0.702380	0.513187	0.298903	0.113591	0.000000
0.000000	0.545179	0.768039	0.849638	0.822876	0.701926	0.512726	0.298556	0.113433	0.000000
0.000000	0.545304	0.768060	0.849473	0.822534	0.701473	0.512266	0.298209	0.113275	0.000000
0.000000	0.545429	0.768081	0.849308	0.822192	0.701019	0.511806	0.297864	0.113118	0.000000
0.000000	0.545554	0.768102	0.849142	0.821850	0.700565	0.511346	0.297518	0.112961	0.000000
0.000000	0.545678	0.768122	0.848976	0.821508	0.700112	0.510887	0.297173	0.112804	0.000000
0.000000	0.545802	0.768141	0.848809	0.821165	0.699658	0.510428	0.296828	0.112648	0.000000
0.000000	0.545925	0.768160	0.848642	0.820823	0.699205	0.509969	0.296484	0.112492	0.000000
0.000000	0.546048	0.768179	0.848475	0.820480	0.698752	0.509511	0.296141	0.112336	0.000000
0.000000	0.546170	0.768197	0.848308	0.820137	0.698299	0.509053	0.295798	0.112180	0.000000
0.000000	0.546292	0.768215	0.848140	0.819794	0.697846	0.508596	0.295455	0.112025	0.000000
0.000000	0.546414	0.768232	0.847972	0.819451	0.697393	0.508139	0.295113	0.111870	0.000000
0.000000	0.546535	0.768249	0.847803	0.819108	0.696940	0.507682	0.294771	0.111715	0.000000
0.000000	0.546656	0.768265	0.847634	0.818764	0.696488	0.507226	0.294429	0.111561	0.000000
0.000000	0.546776	0.768281	0.847465	0.818421	0.696035	0.506770	0.294088	0.111407	0.000000
0.000000	0.546896	0.768297	0.847295	0.818077	0.695582	0.506314	0.293748	0.111253	0.000000
0.000000	0.547015	0.768311	0.847125	0.817733	0.695130	0.505859	0.293408	0.111099	0.000000
0.000000	0.547134	0.768326	0.846955	0.817389	0.694678	0.505404	0.293068	0.110946	0.000000
0.000000	0.547252	0.768340	0.846785	0.817044	0.694226	0.504949	0.292729	0.110793	0.000000
0.000000	0.547371	0.768354	0.846614	0.816700	0.693774	0.504495	0.292391	0.110640	0.000000
0.000000	0.547488	0.768367	0.846442	0.816355	0.693322	0.504041	0.292052	0.110488	0.000000
0.000000	0.547605	0.768379	0.846271	0.816011	0.692870	0.503587	0.291715	0.110335	0.000000
0.000000	0.547722	0.768392	0.846099	0.815666	0.692418	0.503134	0.291377	0.110183	0.000000
0.000000	0.547838	0.768403	0.845926	0.815321	0.691966	0.502681	0.291040	0.110032	0.000000
0.000000	0.547954	0.768415	0.845754	0.814976	0.691515	0.502229	0.290704	0.109880	0.000000
0.000000	0.548070	0.768426	0.845581	0.814630	0.691063	0.501776	0.290368	0.109729	0.000000
0.000000	0.548185	0.768436	0.845407	0.814285	0.690612	0.501325	0.290032	0.109578	0.000000
0.000000	0.548299	0.768446	0.845234	0.813939	0.690161	0.500873	0.289697	0.109428	0.000000
0.000000	0.548413	0.768455	0.845060	0.813594	0.689710	0.500422	0.289363	0.109278	0.000000
0.000000	0.548527	0.768464	0.844885	0.813248	0.689258	0.499971	0.289029	0.109127	0.000000
0.000000	0.548640	0.768473	0.844711	0.812902	0.688808	0.499521	0.288695	0.108978	0.000000
0.000000	0.548753	0.768481	0.844536	0.812555	0.688357	0.499071	0.288361	0.108828	0.000000
0.000000	0.548865	0.768489	0.844360	0.812209	0.687906	0.498621	0.288029	0.108679	0.000000
0.000000	0.548977	0.768496	0.844185	0.811863	0.687455	0.498172	0.287696	0.108530	0.000000
0.000000	0.549089	0.768503	0.844009	0.811516	0.687005	0.497723	0.287364	0.108381	0.000000
0.000000	0.549200	0.768509	0.843832	0.811169	0.686555	0.497274	0.287033	0.108233	0.000000
0.000000	0.549311	0.768515	0.843656	0.810822	0.686104	0.496826	0.286701	0.108085	0.000000
0.000000	0.549421	0.768521	0.843479	0.810475	0.685654	0.496378	0.286371	0.107937	0.000000
0.000000	0.549531	0.768526	0.843301	0.810128	0.685204	0.495931	0.286040	0.107789	0.000000
0.000000	0.549640	0.768530	0.843124	0.809781	0.684754	0.495484	0.285711	0.107642	0.000000
0.000000	0.549749	0.768534	0.842946	0.809433	0.684304	0.495037	0.285381	0.107495	0.000000
0.000000	0.549857	0.768538	0.842767	0.809086	0.683855	0.494590	0.285052	0.107348	0.000000
0.000000	0.549965	0.768541	0.842589	0.808738	0.683405	0.494144	0.284724	0.107201	0.000000
0.000000	0.550073	0.768544	0.842410	0.808390	0.682956	0.493698	0.284396	0.107055	0.000000
0.000000	0.550180	0.768546	0.842230	0.808042	0.682506	0.493253	0.284068	0.106909	0.000000
0.000000	0.550287	0.768548	0.842051	0.807694	0.682057	0.492808	0.283741	0.106763	0.000000
0.000000	0.550393	0.768549	0.841871	0.807346	0.681608	0.492363	0.283414	0.106618	0.000000
0.000000	0.550499	0.768550	0.841690	0.806997	0.681159	0.491919	0.283088	0.106472	0.000000
0.000000	0.550605	0.768551	0.841510	0.806649	0.680710	0.491475	0.282762	0.106327	0.000000
0.000000	0.550710	0.768551	0.841329	0.806300	0.680261	0.491031	0.282436	0.106182	0.000000
0.000000	0.550815	0.768551	0.841147	0.805951	0.679813	0.490588	0.282111	0.106038	0.000000
0.000000	0.550919	0.768550	0.840966	0.805602	0.679364	0.490145	0.281787	0.105894	0.000000
0.000000	0.551023	0.768548	0.840784	0.805253	0.678916	0.489702	0.281463	0.105750	0.000000
0.000000	0.551126	0.768547	0.840601	0.804904	0.678467	0.489260	0.281139	0.105606	0.000000
0.000000	0.551229	0.768545	0.840419	0.804554	0.678019	0.488818	0.280816	0.105463	0.000000
0.000000	0.551332	0.768542	0.840236	0.804205	0.677571	0.488377	0.280493	0.105319	0.000000
0.000000	0.551434	0.768539	0.840053	0.803855	0.677123	0.487936	0.280170	0.105176	0.000000
0.000000	0.551535	0.768536	0.839869	0.803506	0.676675	0.487495	0.279848	0.105034	0.000000
0.000000	0.551637	0.768532	0.839685	0.803156	0.676228	0.487054	0.279526	0.104891	0.000000
0.000000	0.551737	0.768527	0.839501	0.802806	0.675780	0.486614	0.279205	0.104749	0.000000
0.000000	0.551838	0.768523	0.839316	0.802456	0.675333	0.486174	0.278885	0.104607	0.000000
0.000000	0.551938	0.768517	0.839132	0.802105	0.674885	0.485735	0.278564	0.104465	0.000000
0.000000	0.552037	0.768512	0.838946	0.801755	0.674438	0.485296	0.278244	0.104324	0.000000
0.000000	0.552137	0.768506	0.838761	0.801404	0.673991	0.484857	0.277925	0.104183	0.000000
0.000000	0.552235	0.768499	0.838575	0.801054	0.673544	0.484419	0.277606	0.104042	0.000000
0.000000	0.552334	0.768492	0.838389	0.800703	0.673097	0.483981	0.277287	0.103901	0.000000
0.000000	0.552432	0.768485	0.838203	0.800352	0.672650	0.483544	0.276969	0.103760	0.000000
0.000000	0.552529	0.768477	0.838016	0.800001	0.672204	0.483106	0.276651	0.103620	0.000000
0.000000	0.552626	0.768468	0.837829	0.799650	0.671757	0.482669	0.276333	0.103480	0.000000
0.000000	0.552723	0.768460	0.837641	0.799299	0.671311	0.482233	0.276017	0.103340	0.000000
0.000000	0.552819	0.768450	0.837454	0.798947	0.670865	0.481797	0.275700	0.103201	0.000000
0.000000	0.552915	0.768441	0.837265	0.798596	0.670419	0.481361	0.275384	0.103062	0.000000
0.000000	0.553010	0.768431	0.837077	0.798244	0.669973	0.480925	0.275068	0.102923	0.000000
0.000000	0.553105	0.768420	0.836888	0.797892	0.669527	0.480490	0.274753	0.102784	0.000000
0.000000	0.553200	0.768409	0.836699	0.797540	0.669081	0.480055	0.274438	0.102645	0.000000
0.000000	0.553294	0.768398	0.836510	0.797188	0.668636	0.479621	0.274123	0.102507	0.000000
0.000000	0.553388	0.768386	0.836320	0.796836	0.668190	0.479187	0.273809	0.102369	0.000000
0.000000	0.553481	0.768374	0.836131	0.796484	0.667745	0.478753	0.273496	0.102231	0.000000
0.000000	0.553574	0.768361	0.835940	0.796132	0.667300	0.478320	0.273182	0.102094	0.000000
0.000000	0.553666	0.768348	0.835750	0.795779	0.666855	0.477887	0.272870	0.101957	0.000000
0.000000	0.553758	0.768335	0.835559	0.795427	0.666410	0.477454	0.272557	0.101820	0.000000
0.000000	0.553850	0.768321	0.835368	0.795074	0.665965	0.477022	0.272245	0.101683	0.000000
0.000000	0.553941	0.768306	0.835176	0.794721	0.665520	0.476590	0.271934	0.101546	0.000000
0.000000	0.554032	0.768292	0.834984	0.794368	0.665076	0.476158	0.271622	0.101410	0.000000
0.000000	0.554122	0.768276	0.834792	0.794015	0.664631	0.475727	0.271312	0.101274	0.000000
0.000000	0.554212	0.768261	0.834600	0.793662	0.664187	0.475296	0.271001	0.101138	0.000000
0.000000	0.554302	0.768245	0.834407	0.793309	0.663743	0.474866	0.270691	0.101002	0.000000
0.000000	0.554391	0.768228	0.834214	0.792955	0.663299	0.474435	0.270382	0.100867	0.000000
0.000000	0.554480	0.768211	0.834021	0.792602	0.662855	0.474006	0.270073	0.100732	0.000000
0.000000	0.554568	0.768194	0.833827	0.792248	0.662411	0.473576	0.269764	0.100597	0.000000
0.000000	0.554656	0.768176	0.833633	0.791894	0.661968	0.473147	0.269456	0.100462	0.000000
0.000000	0.554744	0.768158	0.833439	0.791541	0.661524	0.472718	0.269148	0.100328	0.000000
0.000000	0.554831	0.768139	0.833244	0.791187	0.661081	0.472290	0.268840	0.100193	0.000000
0.000000	0.554918	0.768120	0.833049	0.790833	0.660638	0.471862	0.268533	0.100059	0.000000
0.000000	0.555004	0.768100	0.832854	0.790478	0.660195	0.471434	0.268226	0.099926	0.000000
0.000000	0.555090	0.768080	0.832659	0.790124	0.659752	0.471007	0.267920	0.099792	0.000000
0.000000	0.555175	0.768060	0.832463	0.789770	0.659309	0.470580	0.267614	0.099659	0.000000
0.000000	0.555260	0.768039	0.832267	0.789415	0.658867	0.470153	0.267309	0.099526	0.000000
0.000000	0.555345	0.768018	0.832070	0.789061	0.658424	0.469727	0.267004	0.099393	0.000000
0.000000	0.555429	0.767996	0.831873	0.788706	0.657982	0.469301	0.266699	0.099260	0.000000
0.000000	0.555513	0.767974	0.831676	0.788351	0.657539	0.468875	0.266395	0.099128	0.000000
0.000000	0.555597	0.767952	0.831479	0.787996	0.657097	0.468450	0.266091	0.098996	0.000000
0.000000	0.555680	0.767929	0.831281	0.787641	0.656655	0.468025	0.265787	0.098864	0.000000
0.000000	0.555762	0.767905	0.831084	0.787286	0.656214	0.467601	0.265484	0.098732	0.000000
0.000000	0.555844	0.767881	0.830885	0.786931	0.655772	0.467176	0.265181	0.098601	0.000000
0.000000	0.555926	0.767857	0.830687	0.786576	0.655331	0.466753	0.264879	0.098469	0.000000
0.000000	0.556008	0.767833	0.830488	0.786220	0.654889	0.466329	0.264577	0.098338	0.000000
0.000000	0.556089	0.767808	0.830289	0.785865	0.654448	0.465906	0.264276	0.098208	0.000000
0.000000	0.556169	0.767782	0.830089	0.785509	0.654007	0.465483	0.263975	0.098077	0.000000
0.000000	0.556249	0.767756	0.829890	0.785153	0.653566	0.465061	0.263674	0.097947	0.000000
0.000000	0.556329	0.767730	0.829690	0.784797	0.653125	0.464639	0.263374	0.097817	0.000000
0.000000	0.556409	0.767703	0.829489	0.784441	0.652684	0.464217	0.263074	0.097687	0.000000
0.000000	0.556488	0.767676	0.829289	0.784085	0.652244	0.463796	0.262774	0.097557	0.000000
0.000000	0.556566	0.767648	0.829088	0.783729	0.651804	0.463375	0.262475	0.097428	0.000000
0.000000	0.556644	0.767620	0.828887	0.783373	0.651363	0.462954	0.262176	0.097298	0.000000
0.000000	0.556722	0.767592	0.828685	0.783017	0.650923	0.462534	0.261878	0.097169	0.000000
0.000000	0.556799	0.767563	0.828483	0.782660	0.650483	0.462114	0.261580	0.097041	0.000000
0.000000	0.556876	0.767534	0.828281	0.782304	0.650044	0.461694	0.261282	0.096912	0.000000
0.000000	0.556953	0.767504	0.828079	0.781947	0.649604	0.461275	0.260985	0.096784	0.000000
0.000000	0.557029	0.767474	0.827876	0.781590	0.649164	0.460856	0.260688	0.096655	0.000000
0.000000	0.557105	0.767443	0.827673	0.781233	0.648725	0.460437	0.260392	0.096528	0.000000
0.000000	0.557180	0.767413	0.827470	0.780877	0.648286	0.460019	0.260096	0.096400	0.000000
0.000000	0.557255	0.767381	0.827266	0.780520	0.647847	0.459601	0.259800	0.096272	0.000000
0.000000	0.557330	0.767349	0.827062	0.780162	0.647408	0.459184	0.259505	0.096145	0.000000
0.000000	0.557404	0.767317	0.826858	0.779805	0.646969	0.458767	0.259210	0.096018	0.000000
0.000000	0.557478	0.767285	0.826654	0.779448	0.646531	0.458350	0.258916	0.095891	0.000000
0.000000	0.557551	0.767252	0.826449	0.779091	0.646092	0.457933	0.258622	0.095765	0.000000
0.000000	0.557624	0.767218	0.826244	0.778733	0.645654	0.457517	0.258328	0.095638	0.000000
0.000000	0.557697	0.767184	0.826039	0.778376	0.645216	0.457102	0.258035	0.095512	0.000000
0.000000	0.557769	0.767150	0.825833	0.778018	0.644778	0.456686	0.257742	0.095386	0.000000
0.000000	0.557841	0.767115	0.825627	0.777660	0.644340	0.456271	0.257449	0.095260	0.000000
0.000000	0.557912	0.767080	0.825421	0.777302	0.643902	0.455856	0.257157	0.095135	0.000000
0.000000	0.557983	0.767045	0.825215	0.776944	0.643465	0.455442	0.256865	0.095010	0.000000
0.000000	0.558054	0.767009	0.825008	0.776586	0.643027	0.455028	0.256574	0.094885	0.000000
0.000000	0.558124	0.766973	0.824801	0.776228	0.642590	0.454614	0.256283	0.094760	0.000000
0.000000	0.558194	0.766936	0.824593	0.775870	0.642153	0.454201	0.255992	0.094635	0.000000
0.000000	0.558263	0.766899	0.824386	0.775512	0.641716	0.453788	0.255702	0.094511	0.000000
0.000000	0.558332	0.766861	0.824178	0.775153	0.641279	0.453376	0.255412	0.094386	0.000000
0.000000	0.558401	0.766823	0.823970	0.774795	0.640842	0.452963	0.255123	0.094262	0.000000
0.000000	0.558469	0.766785	0.823761	0.774437	0.640406	0.452551	0.254834	0.094138	0.000000
0.000000	0.558537	0.766746	0.823552	0.774078	0.639970	0.452140	0.254545	0.094015	0.000000
0.000000	0.558604	0.766707	0.823343	0.773719	0.639533	0.451729	0.254257	0.093891	0.000000
0.000000	0.558671	0.766667	0.823134	0.773360	0.639097	0.451318	0.253969	0.093768	0.000000
0.000000	0.558738	0.766627	0.822925	0.773002	0.638662	0.450907	0.253681	0.093645	0.000000
0.000000	0.558804	0.766587	0.822715	0.772643	0.638226	0.450497	0.253394	0.093522	0.000000
0.000000	0.558870	0.766546	0.822504	0.772284	0.637790	0.450087	0.253107	0.093400	0.000000
0.000000	0.558936	0.766505	0.822294	0.771924	0.637355	0.449678	0.252821	0.093277	0.000000
0.000000	0.559001	0.766463	0.822083	0.771565	0.636920	0.449269	0.252535	0.093155	0.000000
0.000000	0.559066	0.766421	0.821872	0.771206	0.636485	0.448860	0.252249	0.093033	0.000000
0.000000	0.559130	0.766379	0.821661	0.770847	0.636050	0.448452	0.251964	0.092911	0.000000
0.000000	0.559194	0.766336	0.821449	0.770487	0.635615	0.448044	0.251679	0.092790	0.000000
0.000000	0.559257	0.766293	0.821238	0.770128	0.635180	0.447636	0.251394	0.092669	0.000000
0.000000	0.559320	0.766249	0.821025	0.769768	0.634746	0.447228	0.251110	0.092547	0.000000
0.000000	0.559383	0.766205	0.820813	0.769408	0.634312	0.446821	0.250826	0.092426	0.000000
0.000000	0.559446	0.766160	0.820600	0.769049	0.633877	0.446415	0.250542	0.092306	0.000000
0.000000	0.559508	0.766116	0.820387	0.768689	0.633444	0.446008	0.250259	0.092185	0.000000
0.000000	0.559569	0.766070	0.820174	0.768329	0.633010	0.445602	0.249977	0.092065	0.000000
0.000000	0.559630	0.766025	0.819961	0.767969	0.632576	0.445197	0.249694	0.091945	0.000000
0.000000	0.559691	0.765978	0.819747	0.767609	0.632143	0.444792	0.249412	0.091825	0.000000
0.000000	0.559752	0.765932	0.819533	0.767249	0.631709	0.444387	0.249131	0.091705	0.000000
0.000000	0.559812	0.765885	0.819319	0.766889	0.631276	0.443982	0.248849	0.091585	0.000000
0.000000	0.559871	0.765838	0.819104	0.766528	0.630843	0.443578	0.248568	0.091466	0.000000
0.000000	0.559931	0.765790	0.818889	0.766168	0.630410	0.443174	0.248288	0.091347	0.000000
0.000000	0.559990	0.765742	0.818674	0.765808	0.629978	0.442770	0.248008	0.091228	0.000000
0.000000	0.560048	0.765694	0.818458	0.765447	0.629545	0.442367	0.247728	0.091109	0.000000
0.000000	0.560106	0.765645	0.818243	0.765087	0.629113	0.441964	0.247449	0.090991	0.000000
0.000000	0.560164	0.765595	0.818027	0.764726	0.628680	0.441562	0.247169	0.090872	0.000000
0.000000	0.560221	0.765546	0.817811	0.764365	0.628248	0.441160	0.246891	0.090754	0.000000
0.000000	0.560278	0.765496	0.817594	0.764004	0.627817	0.440758	0.246612	0.090636	0.000000
0.000000	0.560335	0.765445	0.817377	0.763644	0.627385	0.440356	0.246334	0.090519	0.000000
0.000000	0.560391	0.765394	0.817160	0.763283	0.626953	0.439955	0.246057	0.090401	0.000000
0.000000	0.560447	0.765343	0.816943	0.762922	0.626522	0.439554	0.245780	0.090284	0.000000
0.000000	0.560502	0.765291	0.816725	0.762561	0.626091	0.439154	0.245503	0.090166	0.000000
0.000000	0.560557	0.765239	0.816508	0.762200	0.625660	0.438754	0.245226	0.090050	0.000000
0.000000	0.560612	0.765187	0.816289	0.761838	0.625229	0.438354	0.244950	0.089933	0.000000
0.000000	0.560666	0.765134	0.816071	0.761477	0.624798	0.437955	0.244674	0.089816	0.000000
0.000000	0.560720	0.765081	0.815852	0.761116	0.624368	0.437556	0.244399	0.089700	0.000000
0.000000	0.560774	0.765027	0.815633	0.760754	0.623937	0.437157	0.244124	0.089584	0.000000
0.000000	0.560827	0.764973	0.815414	0.760393	0.623507	0.436758	0.243849	0.089468	0.000000
0.000000	0.560880	0.764919	0.815195	0.760032	0.623077	0.436360	0.243575	0.089352	0.000000
0.000000	0.560932	0.764864	0.814975	0.759670	0.622647	0.435963	0.243301	0.089236	0.000000
0.000000	0.560984	0.764809	0.814755	0.759308	0.622217	0.435565	0.243027	0.089121	0.000000
0.000000	0.561036	0.764753	0.814535	0.758947	0.621788	0.435168	0.242754	0.089005	0.000000
0.000000	0.561087	0.764697	0.814314	0.758585	0.621358	0.434772	0.242481	0.088890	0.000000
0.000000	0.561138	0.764641	0.814094	0.758223	0.620929	0.434375	0.242208	0.088776	0.000000
0.000000	0.561188	0.764584	0.813873	0.757861	0.620500	0.433979	0.241936	0.088661	0.000000
0.000000	0.561239	0.764527	0.813651	0.757499	0.620071	0.433584	0.241664	0.088546	0.000000
0.000000	0.561288	0.764469	0.813430	0.757137	0.619643	0.433189	0.241392	0.088432	0.000000
0.000000	0.561338	0.764411	0.813208	0.756775	0.619214	0.432794	0.241121	0.088318	0.000000
0.000000	0.561387	0.764353	0.812986	0.756413	0.618786	0.432399	0.240850	0.088204	0.000000
0.000000	0.561435	0.764294	0.812764	0.756051	0.618357	0.432005	0.240580	0.088090	0.000000
0.000000	0.561484	0.764235	0.812541	0.755689	0.617929	0.431611	0.240310	0.087977	0.000000
0.000000	0.561531	0.764175	0.812318	0.755326	0.617502	0.431217	0.240040	0.087863	0.000000
0.000000	0.561579	0.764115	0.812095	0.754964	0.617074	0.430824	0.239771	0.087750	0.000000
0.000000	0.561626	0.764055	0.811872	0.754601	0.616646	0.430431	0.239501	0.087637	0.000000
0.000000	0.561673	0.763994	0.811648	0.754239	0.616219	0.430039	0.239233	0.087525	0.000000
0.000000	0.561719	0.763933	0.811424	0.753876	0.615792	0.429646	0.238964	0.087412	0.000000
0.000000	0.561765	0.763872	0.811200	0.753514	0.615365	0.429255	0.238696	0.087299	0.000000
0.000000	0.561811	0.763810	0.810976	0.753151	0.614938	0.428863	0.238429	0.087187	0.000000
0.000000	0.561856	0.763748	0.810751	0.752789	0.614511	0.428472	0.238161	0.087075	0.000000
0.000000	0.561901	0.763685	0.810526	0.752426	0.614085	0.428081	0.237894	0.086963	0.000000
0.000000	0.561945	0.763622	0.810301	0.752063	0.613659	0.427691	0.237628	0.086852	0.000000
0.000000	0.561990	0.763559	0.810075	0.751700	0.613233	0.427300	0.237361	0.086740	0.000000
0.000000	0.562033	0.763495	0.809850	0.751337	0.612807	0.426911	0.237096	0.086629	0.000000
0.000000	0.562077	0.763431	0.809624	0.750974	0.612381	0.426521	0.236830	0.086518	0.000000
0.000000	0.562120	0.763366	0.809398	0.750611	0.611955	0.426132	0.236565	0.086407	0.000000
0.000000	0.562162	0.763302	0.809171	0.750248	0.611530	0.425743	0.236300	0.086296	0.000000
0.000000	0.562205	0.763236	0.808945	0.749885	0.611105	0.425355	0.236035	0.086185	0.000000
0.000000	0.562247	0.763171	0.808718	0.749522	0.610679	0.424967	0.235771	0.086075	0.000000
0.000000	0.562288	0.763105	0.808490	0.749159	0.610255	0.424579	0.235507	0.085965	0.000000
0.000000	0.562329	0.763038	0.808263	0.748795	0.609830	0.424191	0.235244	0.085855	0.000000
0.000000	0.562370	0.762971	0.808035	0.748432	0.609405	0.423804	0.234980	0.085745	0.000000
0.000000	0.562411	0.762904	0.807807	0.748069	0.608981	0.423418	0.234718	0.085635	0.000000
0.000000	0.562451	0.762837	0.807579	0.747705	0.608557	0.423031	0.234455	0.085526	0.000000
0.000000	0.562490	0.762769	0.807351	0.747342	0.608133	0.422645	0.234193	0.085416	0.000000
0.000000	0.562530	0.762700	0.807122	0.746978	0.607709	0.422259	0.233931	0.085307	0.000000
0.000000	0.562569	0.762632	0.806893	0.746615	0.607285	0.421874	0.233669	0.085198	0.000000
0.000000	0.562607	0.762562	0.806664	0.746251	0.606862	0.421489	0.233408	0.085089	0.000000
0.000000	0.562645	0.762493	0.806435	0.745888	0.606438	0.421104	0.233148	0.084981	0.000000
0.000000	0.562683	0.762423	0.806205	0.745524	0.606015	0.420720	0.232887	0.084872	0.000000
0.000000	0.562721	0.762353	0.805975	0.745160	0.605592	0.420336	0.232627	0.084764	0.000000
0.000000	0.562758	0.762282	0.805745	0.744796	0.605170	0.419952	0.232367	0.084656	0.000000
0.000000	0.562795	0.762211	0.805514	0.744433	0.604747	0.419569	0.232108	0.084548	0.000000
0.000000	0.562831	0.762140	0.805284	0.744069	0.604325	0.419186	0.231848	0.084440	0.000000
0.000000	0.562867	0.762068	0.805053	0.743705	0.603902	0.418803	0.231590	0.084332	0.000000
0.000000	0.562903	0.761996	0.804822	0.743341	0.603480	0.418421	0.231331	0.084225	0.000000
0.000000	0.562938	0.761924	0.804590	0.742977	0.603058	0.418039	0.231073	0.084118	0.000000
0.000000	0.562973	0.761851	0.804359	0.742613	0.602637	0.417657	0.230815	0.084011	0.000000
0.000000	0.563008	0.761778	0.804127	0.742249	0.602215	0.417276	0.230558	0.083904	0.000000
0.000000	0.563042	0.761704	0.803895	0.741885	0.601794	0.416895	0.230301	0.083797	0.000000
0.000000	0.563076	0.761630	0.803663	0.741520	0.601373	0.416514	0.230044	0.083691	0.000000
0.000000	0.563109	0.761556	0.803430	0.741156	0.600952	0.416134	0.229787	0.083584	0.000000
0.000000	0.563142	0.761481	0.803197	0.740792	0.600531	0.415754	0.229531	0.083478	0.000000
0.000000	0.563175	0.761406	0.802964	0.740428	0.600110	0.415374	0.229275	0.083372	0.000000
0.000000	0.563208	0.761330	0.802731	0.740063	0.599690	0.414995	0.229020	0.083266	0.000000
0.000000	0.563240	0.761255	0.802497	0.739699	0.599270	0.414616	0.228765	0.083160	0.000000
0.000000	0.563271	0.761178	0.802264	0.739335	0.598850	0.414237	0.228510	0.083055	0.000000
0.000000	0.563303	0.761102	0.802030	0.738970	0.598430	0.413859	0.228256	0.082950	0.000000
0.000000	0.563334	0.761025	0.801795	0.738606	0.598010	0.413481	0.228001	0.082844	0.000000
0.000000	0.563364	0.760948	0.801561	0.738241	0.597591	0.413103	0.227748	0.082739	0.000000
0.000000	0.563394	0.760870	0.801326	0.737877	0.597171	0.412726	0.227494	0.082635	0.000000
0.000000	0.563424	0.760792	0.801091	0.737512	0.596752	0.412349	0.227241	0.082530	0.000000
0.000000	0.563454	0.760713	0.800856	0.737148	0.596333	0.411972	0.226988	0.082425	0.000000
0.000000	0.563483	0.760635	0.800621	0.736783	0.595914	0.411596	0.226735	0.082321	0.000000
0.000000	0.563512	0.760556	0.800385	0.736418	0.595496	0.411220	0.226483	0.082217	0.000000
0.000000	0.563540	0.760476	0.800149	0.736054	0.595077	0.410844	0.226231	0.082113	0.000000
0.000000	0.563568	0.760396	0.799913	0.735689	0.594659	0.410469	0.225980	0.082009	0.000000
0.000000	0.563596	0.760316	0.799676	0.735324	0.594241	0.410094	0.225729	0.081905	0.000000
0.000000	0.563624	0.760235	0.799440	0.734959	0.593823	0.409719	0.225478	0.081802	0.000000
0.000000	0.563651	0.760154	0.799203	0.734595	0.593406	0.409345	0.225227	0.081699	0.000000
0.000000	0.563677	0.760073	0.798966	0.734230	0.592988	0.408971	0.224977	0.081595	0.000000
0.000000	0.563704	0.759991	0.798729	0.733865	0.592571	0.408597	0.224727	0.081492	0.000000
0.000000	0.563730	0.759909	0.798491	0.733500	0.592154	0.408224	0.224477	0.081390	0.000000
0.000000	0.563755	0.759827	0.798254	0.733135	0.591737	0.407851	0.224228	0.081287	0.000000
0.000000	0.563780	0.759744	0.798016	0.732770	0.591320	0.407478	0.223979	0.081184	0.000000
0.000000	0.563805	0.759661	0.797777	0.732405	0.590904	0.407106	0.223730	0.081082	0.000000
0.000000	0.563830	0.759577	0.797539	0.732040	0.590487	0.406734	0.223482	0.080980	0.000000
0.000000	0.563854	0.759493	0.797300	0.731675	0.590071	0.406362	0.223234	0.080878	0.000000
0.000000	0.563878	0.759409	0.797061	0.731310	0.589655	0.405991	0.222986	0.080776	0.000000
0.000000	0.563901	0.759325	0.796822	0.730945	0.589239	0.405620	0.222739	0.080674	0.000000
0.000000	0.563925	0.759240	0.796583	0.730580	0.588824	0.405249	0.222492	0.080573	0.000000
0.000000	0.563947	0.759154	0.796343	0.730215	0.588408	0.404879	0.222245	0.080471	0.000000
0.000000	0.563970	0.759069	0.796104	0.729849	0.587993	0.404509	0.221999	0.080370	0.000000
0.000000	0.563992	0.758983	0.795864	0.729484	0.587578	0.404139	0.221753	0.080269	0.000000
0.000000	0.564014	0.758896	0.795623	0.729119	0.587163	0.403770	0.221507	0.080168	0.000000
0.000000	0.564035	0.758809	0.795383	0.728754	0.586748	0.403401	0.221261	0.080067	0.000000
0.000000	0.564056	0.758722	0.795142	0.728388	0.586334	0.403032	0.221016	0.079967	0.000000
0.000000	0.564077	0.758635	0.794901	0.728023	0.585920	0.402664	0.220771	0.079866	0.000000
0.000000	0.564097	0.758547	0.794660	0.727658	0.585506	0.402296	0.220527	0.079766	0.000000
0.000000	0.564117	0.758459	0.794419	0.727292	0.585092	0.401928	0.220283	0.079666	0.000000
0.000000	0.564137	0.758370	0.794177	0.726927	0.584678	0.401561	0.220039	0.079566	0.000000
0.000000	0.564156	0.758281	0.793935	0.726562	0.584265	0.401194	0.219795	0.079466	0.000000
0.000000	0.564175	0.758192	0.793693	0.726196	0.583851	0.400827	0.219552	0.079367	0.000000
0.000000	0.564193	0.758103	0.793451	0.725831	0.583438	0.400461	0.219309	0.079267	0.000000
0.000000	0.564212	0.758013	0.793209	0.725465	0.583025	0.400095	0.219066	0.079168	0.000000
0.000000	0.564230	0.757922	0.792966	0.725100	0.582612	0.399729	0.218824	0.079069	0.000000
0.000000	0.564247	0.757832	0.792723	0.724734	0.582200	0.399364	0.218582	0.078970	0.000000
0.000000	0.564264	0.757741	0.792480	0.724369	0.581787	0.398998	0.218340	0.078871	0.000000
0.000000	0.564281	0.757649	0.792237	0.724003	0.581375	0.398634	0.218099	0.078772	0.000000
0.000000	0.564298	0.757557	0.791993	0.723638	0.580963	0.398269	0.217858	0.078674	0.000000
0.000000	0.564314	0.757465	0.791749	0.723272	0.580551	0.397905	0.217617	0.078575	0.000000
0.000000	0.564330	0.757373	0.791505	0.722907	0.580140	0.397542	0.217376	0.078477	0.000000
0.000000	0.564345	0.757280	0.791261	0.722541	0.579728	0.397178	0.217136	0.078379	0.000000
0.000000	0.564360	0.757187	0.791017	0.722175	0.579317	0.396815	0.216896	0.078281	0.000000
0.000000	0.564375	0.757094	0.790772	0.721810	0.578906	0.396452	0.216657	0.078183	0.000000
0.000000	0.564389	0.757000	0.790527	0.721444	0.578495	0.396090	0.216418	0.078086	0.000000
0.000000	0.564404	0.756906	0.790282	0.721079	0.578085	0.395728	0.216179	0.077988	0.000000
0.000000	0.564417	0.756811	0.790037	0.720713	0.577674	0.395366	0.215940	0.077891	0.000000
0.000000	0.564431	0.756716	0.789792	0.720347	0.577264	0.395004	0.215702	0.077794	0.000000
0.000000	0.564444	0.756621	0.789546	0.719982	0.576854	0.394643	0.215464	0.077697	0.000000
0.000000	0.564457	0.756525	0.789300	0.719616	0.576444	0.394282	0.215226	0.077600	0.000000
0.000000	0.564469	0.756429	0.789054	0.719250	0.576034	0.393922	0.214989	0.077504	0.000000
0.000000	0.564481	0.756333	0.788808	0.718884	0.575625	0.393562	0.214751	0.077407	0.000000
0.000000	0.564493	0.756236	0.788561	0.718519	0.575216	0.393202	0.214515	0.077311	0.000000
0.000000	0.564504	0.756140	0.788314	0.718153	0.574807	0.392842	0.214278	0.077214	0.000000
0.000000	0.564515	0.756042	0.788067	0.717787	0.574398	0.392483	0.214042	0.077118	0.000000
0.000000	0.564526	0.755945	0.787820	0.717421	0.573989	0.392124	0.213806	0.077022	0.000000
0.000000	0.564536	0.755847	0.787573	0.717056	0.573580	0.391766	0.213570	0.076927	0.000000
0.000000	0.564546	0.755748	0.787325	0.716690	0.573172	0.391408	0.213335	0.076831	0.000000
0.000000	0.564556	0.755650	0.787077	0.716324	0.572764	0.391050	0.213100	0.076735	0.000000
0.000000	0.564565	0.755550	0.786829	0.715958	0.572356	0.390692	0.212865	0.076640	0.000000
0.000000	0.564574	0.755451	0.786581	0.715592	0.571948	0.390335	0.212631	0.076545	0.000000
0.000000	0.564583	0.755351	0.786333	0.715226	0.571541	0.389978	0.212397	0.076450	0.000000
0.000000	0.564591	0.755251	0.786084	0.714861	0.571134	0.389621	0.212163	0.076355	0.000000
0.000000	0.564599	0.755151	0.785835	0.714495	0.570726	0.389265	0.211930	0.076260	0.000000
0.000000	0.564606	0.755050	0.785586	0.714129	0.570320	0.388909	0.211696	0.076166	0.000000
0.000000	0.564614	0.754949	0.785337	0.713763	0.569913	0.388553	0.211463	0.076071	0.000000
0.000000	0.564621	0.754848	0.785088	0.713397	0.569506	0.388198	0.211231	0.075977	0.000000
0.000000	0.564627	0.754746	0.784838	0.713031	0.569100	0.387843	0.210998	0.075883	0.000000
0.000000	0.564634	0.754644	0.784588	0.712665	0.568694	0.387488	0.210766	0.075789	0.000000
0.000000	0.564640	0.754541	0.784338	0.712300	0.568288	0.387134	0.210535	0.075695	0.000000
0.000000	0.564645	0.754439	0.784088	0.711934	0.567882	0.386780	0.210303	0.075601	0.000000
0.000000	0.564650	0.754335	0.783837	0.711568	0.567477	0.386426	0.210072	0.075508	0.000000
0.000000	0.564655	0.754232	0.783587	0.711202	0.567071	0.386073	0.209841	0.075414	0.000000
0.000000	0.564660	0.754128	0.783336	0.710836	0.566666	0.385720	0.209611	0.075321	0.000000
0.000000	0.564664	0.754024	0.783085	0.710470	0.566261	0.385367	0.209381	0.075228	0.000000
0.000000	0.564668	0.753920	0.782833	0.710104	0.565856	0.385015	0.209151	0.075135	0.000000
0.000000	0.564672	0.753815	0.782582	0.709738	0.565452	0.384662	0.208921	0.075042	0.000000
0.000000	0.564675	0.753710	0.782330	0.709372	0.565047	0.384311	0.208692	0.074949	0.000000
0.000000	0.564678	0.753604	0.782078	0.709007	0.564643	0.383959	0.208462	0.074857	0.000000
0.000000	0.564681	0.753498	0.781826	0.708641	0.564239	0.383608	0.208234	0.074764	0.000000
0.000000	0.564683	0.753392	0.781574	0.708275	0.563836	0.383257	0.208005	0.074672	0.000000
0.000000	0.564685	0.753286	0.781322	0.707909	0.563432	0.382907	0.207777	0.074580	0.000000
0.000000	0.564686	0.753179	0.781069	0.707543	0.563029	0.382557	0.207549	0.074488	0.000000
0.000000	0.564688	0.753072	0.780816	0.707177	0.562626	0.382207	0.207321	0.074396	0.000000
0.000000	0.564689	0.752964	0.780563	0.706811	0.562223	0.381857	0.207094	0.074305	0.000000
0.000000	0.564689	0.752856	0.780310	0.706445	0.561820	0.381508	0.206867	0.074213	0.000000
0.000000	0.564689	0.752748	0.780056	0.706079	0.561417	0.381159	0.206640	0.074122	0.000000
0.000000	0.564689	0.752640	0.779803	0.705714	0.561015	0.380810	0.206414	0.074030	0.000000
0.000000	0.564689	0.752531	0.779549	0.705348	0.560613	0.380462	0.206188	0.073939	0.000000
0.000000	0.564688	0.752422	0.779295	0.704982	0.560211	0.380114	0.205962	0.073848	0.000000
0.000000	0.564687	0.752312	0.779041	0.704616	0.559809	0.379766	0.205736	0.073757	0.000000
0.000000	0.564686	0.752202	0.778786	0.704250	0.559408	0.379419	0.205511	0.073667	0.000000
0.000000	0.564684	0.752092	0.778532	0.703884	0.559006	0.379072	0.205286	0.073576	0.000000
0.000000	0.564682	0.751982	0.778277	0.703518	0.558605	0.378725	0.205061	0.073486	0.000000
0.000000	0.564680	0.751871	0.778022	0.703152	0.558204	0.378379	0.204836	0.073395	0.000000
0.000000	0.564677	0.751760	0.777767	0.702787	0.557803	0.378033	0.204612	0.073305	0.000000
0.000000	0.564674	0.751648	0.777511	0.702421	0.557403	0.377687	0.204388	0.073215	0.000000
0.000000	0.564671	0.751537	0.777256	0.702055	0.557002	0.377342	0.204165	0.073125	0.000000
0.000000	0.564667	0.751425	0.777000	0.701689	0.556602	0.376997	0.203941	0.073036	0.000000
0.000000	0.564663	0.751312	0.776744	0.701323	0.556202	0.376652	0.203718	0.072946	0.000000
0.000000	0.564659	0.751199	0.776488	0.700957	0.555803	0.376307	0.203496	0.072856	0.000000
0.000000	0.564654	0.751086	0.776232	0.700592	0.555403	0.375963	0.203273	0.072767	0.000000
0.000000	0.564649	0.750973	0.775975	0.700226	0.555004	0.375619	0.203051	0.072678	0.000000
0.000000	0.564644	0.750859	0.775719	0.699860	0.554605	0.375276	0.202829	0.072589	0.000000
0.000000	0.564638	0.750745	0.775462	0.699494	0.554206	0.374932	0.202607	0.072500	0.000000
0.000000	0.564632	0.750631	0.775205	0.699128	0.553807	0.374589	0.202386	0.072411	0.000000
0.000000	0.564626	0.750516	0.774948	0.698763	0.553409	0.374247	0.202165	0.072323	0.000000
0.000000	0.564620	0.750401	0.774690	0.698397	0.553010	0.373905	0.201944	0.072234	0.000000
0.000000	0.564613	0.750286	0.774432	0.698031	0.552612	0.373563	0.201724	0.072146	0.000000
