0.997006
3.65238e+33
7.6579e+35
8.57399e+37
6.80476e+39
4.29043e+41
2.28474e+43
1.06729e+45
4.48693e+46
1.72895e+48
6.19033e+49
2.0812e+51
6.62518e+52
2.01039e+54
5.84725e+55
1.6376e+57
4.43329e+58
1.16396e+60
2.97214e+61
7.39927e+62
1.79981e+64
4.28546e+65
1.00052e+67
2.29378e+68
5.1707e+69
1.14744e+71
2.50936e+72
5.41325e+73
1.15292e+75
2.42621e+76
5.04849e+77
1.03941e+79
2.11869e+80
4.27807e+81
8.5615e+82
1.69895e+84
3.34452e+85
6.53407e+86
1.26735e+88
2.44132e+89
4.67211e+90
8.88574e+91
1.67993e+93
3.15808e+94
5.90472e+95
1.0983e+97
2.03276e+98
3.74443e+99
6.86601e+100
1.2535e+102
2.27887e+103
4.12634e+104
7.44263e+105
1.33743e+107
2.39473e+108
4.2731e+109
7.5995e+110
1.34721e+112
2.38091e+113
4.19524e+114
7.3709e+115
1.29145e+117
2.25666e+118
3.93306e+119
6.8376e+120
1.18583e+122
2.05174e+123
3.54188e+124
6.10083e+125
1.04862e+127
1.79865e+128
3.07898e+129
5.26045e+130
8.97054e+131
1.52693e+133
2.59447e+134
4.40077e+135
7.45212e+136
1.25987e+138
2.12657e+139
3.584e+140
6.03124e+141
1.01347e+143
1.7006e+144
2.84966e+145
4.76871e+146
7.96968e+147
1.33023e+149
2.21757e+150
3.69233e+151
6.14062e+152
inf
inf
inf
inf
inf
inf
inf
inf
inf
inf
