2.81756e-07
4.20427e-05
8.2561e-05
0.00012153
0.000158939
0.000194815
0.000229454
0.000262906
0.000295116
0.000326141
0.000355966
0.000384926
0.000413012
0.000439904
0.000466239
0.000491387
0.000515928
0.00053967
0.000562521
0.000584859
0.000606612
0.000627537
0.000647848
0.000667631
0.000686947
0.000705627
0.000723727
0.000741383
0.000758705
0.000775513
0.000791746
0.000807467
0.000823236
0.00083817
0.000853176
0.000867605
0.00088143
0.000895096
0.000908854
0.000921749
0.000934674
0.000947286
0.000959442
0.000971339
0.000983237
0.000994668
0.00100583
0.00101672
0.0010278
0.00103818
0.00104868
0.00105865
0.00106873
0.00107849
0.00108811
0.00109762
0.00110668
0.00111582
0.00112464
0.00113346
0.0011418
0.00115036
0.0011585
0.00116663
0.0011747
0.00118257
0.00119022
0.00119791
0.00120536
0.00121256
0.00121989
0.00122667
0.00123394
0.00124084
0.0012475
0.00125407
0.00126058
0.00126694
0.00127342
0.00127955
0.00128578
0.00129157
0.00129783
0.00130347
0.00130939
0.00131487
0.00132063
0.00132626
0.00133173
0.00133697
0.00134218
0.00134741
0.00135241
0.00135748
0.00136253
0.00136752
0.00137217
0.0013769
0.00138154
0.0013864
0.00139074
