-nan
0.0768091
0.0426286
0.0301603
0.0236031
0.0194983
0.0166572
0.0145597
0.0129406
0.0116492
0.0105932
0.00971236
0.00896594
0.00832496
0.0077684
0.0072805
0.00684929
0.00646542
0.00612154
0.00581175
0.00553126
0.00527616
0.0050432
0.00482968
0.0046333
0.00445214
0.00428454
0.00412907
0.00398452
0.00384982
0.00372403
0.00360634
0.00349603
0.00339246
0.00329507
0.00320335
0.00311686
0.00303518
0.00295797
0.00288488
0.00281562
0.00274994
0.00268757
0.0026283
0.00257192
0.00251826
0.00246714
0.00241839
0.00237189
0.0023275
0.00228509
0.00224455
0.00220577
0.00216867
0.00213314
0.0020991
0.00206648
0.0020352
0.0020052
0.0019764
0.00194875
0.0019222
0.00189669
0.00187216
0.00184858
0.00182591
0.00180409
0.00178309
0.00176287
0.0017434
0.00172465
0.00170659
0.00168917
0.00167239
0.00165621
0.0016406
0.00162555
0.00161102
0.00159701
0.00158348
0.00157042
0.0015578
0.00154563
0.00153386
0.0015225
0.00151152
0.0015009
0.00149065
0.00148073
0.00147114
0.00146187
0.00145291
0.00144424
0.00143585
0.00142774
0.00141989
0.00141229
0.00140494
0.00139782
0.00139093
0.00138426
0.0013778
0.00137155
0.00136549
0.00135963
0.00135395
0.00134845
0.00134312
0.00133795
0.00133295
0.0013281
0.00132341
0.00131885
0.00131444
0.00131017
0.00130602
0.001302
0.00129811
0.00129434
0.00129068
0.00128713
0.00128369
0.00128035
0.00127712
0.00127398
0.00127094
0.00126799
0.00126513
0.00126235
0.00125966
0.00125705
0.00125452
0.00125207
0.00124969
0.00124738
0.00124514
0.00124297
0.00124086
0.00123882
0.00123684
0.00123492
0.00123306
0.00123125
0.0012295
0.0012278
0.00122615
0.00122455
0.001223
0.0012215
0.00122004
0.00121863
0.00121726
0.00121593
0.00121465
0.0012134
0.00121219
0.00121102
0.00120988
0.00120878
0.00120772
0.00120668
0.00120568
0.00120472
0.00120378
0.00120287
0.00120199
0.00120114
0.00120031
0.00119952
0.00119875
0.001198
0.00119728
0.00119658
0.00119591
0.00119525
0.00119462
0.00119401
0.00119343
0.00119286
0.00119231
0.00119178
0.00119127
0.00119078
0.0011903
0.00118984
0.0011894
0.00118898
0.00118857
0.00118818
0.0011878
0.00118744
0.00118709
0.00118675
0.00118643
0.00118612
0.00118583
0.00118554
0.00118527
0.00118501
0.00118476
0.00118453
0.0011843
0.00118409
0.00118388
0.00118369
0.0011835
0.00118333
0.00118316
0.00118301
0.00118286
0.00118272
0.00118259
0.00118247
0.00118235
0.00118225
0.00118215
0.00118206
0.00118197
0.0011819
0.00118183
0.00118176
0.00118171
0.00118166
0.00118161
0.00118158
0.00118154
0.00118152
0.0011815
0.00118148
0.00118147
0.00118147
0.00118147
0.00118147
0.00118148
0.0011815
0.00118151
0.00118154
0.00118157
0.0011816
0.00118163
0.00118167
0.00118172
0.00118177
0.00118182
0.00118187
0.00118193
0.00118199
0.00118206
0.00118213
0.0011822
0.00118227
0.00118235
0.00118243
0.00118252
0.0011826
0.00118269
0.00118278
0.00118288
0.00118298
0.00118307
0.00118318
0.00118328
0.00118339
0.00118349
0.0011836
0.00118372
0.00118383
0.00118395
0.00118407
0.00118419
0.00118431
0.00118443
0.00118456
0.00118468
0.00118481
0.00118494
0.00118507
0.00118521
0.00118534
0.00118548
0.00118562
0.00118575
0.00118589
0.00118604
0.00118618
0.00118632
0.00118647
0.00118661
0.00118676
0.00118691
0.00118705
0.0011872
0.00118735
0.00118751
0.00118766
0.00118781
0.00118797
0.00118812
0.00118828
0.00118843
0.00118859
0.00118875
0.0011889
0.00118906
0.00118922
0.00118938
0.00118954
0.00118971
0.00118987
0.00119003
0.00119019
0.00119036
0.00119052
0.00119068
0.00119085
0.00119101
0.00119118
0.00119134
0.00119151
0.00119168
0.00119184
0.00119201
0.00119218
0.00119234
0.00119251
0.00119268
0.00119285
0.00119301
0.00119318
0.00119335
0.00119352
0.00119369
0.00119386
0.00119403
0.0011942
0.00119437
0.00119454
0.0011947
0.00119487
0.00119504
0.00119521
0.00119538
0.00119555
0.00119572
0.00119589
0.00119606
0.00119623
0.0011964
0.00119657
0.00119674
0.00119691
0.00119708
0.00119725
0.00119742
0.00119759
0.00119776
0.00119793
0.0011981
0.00119827
0.00119843
0.0011986
0.00119877
0.00119894
0.00119911
0.00119928
0.00119945
0.00119961
0.00119978
0.00119995
0.00120012
0.00120028
0.00120045
0.00120062
0.00120079
0.00120095
0.00120112
0.00120128
0.00120145
0.00120162
0.00120178
0.00120195
0.00120211
0.00120228
0.00120244
0.00120261
0.00120277
0.00120294
0.0012031
0.00120326
0.00120343
0.00120359
0.00120375
0.00120392
0.00120408
0.00120424
0.0012044
0.00120456
0.00120472
0.00120489
0.00120505
0.00120521
0.00120537
0.00120553
0.00120569
0.00120585
0.00120601
0.00120616
0.00120632
0.00120648
0.00120664
0.0012068
0.00120695
0.00120711
0.00120727
0.00120743
0.00120758
0.00120774
0.00120789
0.00120805
0.0012082
0.00120836
0.00120851
0.00120867
0.00120882
0.00120897
0.00120913
0.00120928
0.00120943
0.00120959
0.00120974
0.00120989
0.00121004
0.00121019
0.00121034
0.00121049
0.00121064
0.00121079
0.00121094
0.00121109
0.00121124
0.00121139
0.00121154
0.00121169
0.00121183
0.00121198
0.00121213
0.00121227
0.00121242
0.00121257
0.00121271
0.00121286
0.001213
0.00121315
0.00121329
0.00121344
0.00121358
0.00121372
0.00121387
0.00121401
0.00121415
0.00121429
0.00121444
0.00121458
0.00121472
0.00121486
0.001215
0.00121514
0.00121528
0.00121542
0.00121556
0.0012157
0.00121584
0.00121598
0.00121611
0.00121625
0.00121639
0.00121653
0.00121666
0.0012168
0.00121694
0.00121707
0.00121721
0.00121734
0.00121748
0.00121761
0.00121775
0.00121788
0.00121801
0.00121815
0.00121828
0.00121841
0.00121855
0.00121868
0.00121881
0.00121894
0.00121907
0.0012192
0.00121933
0.00121946
0.00121959
0.00121972
0.00121985
0.00121998
0.00122011
0.00122024
0.00122037
0.00122049
0.00122062
0.00122075
0.00122088
0.001221
0.00122113
0.00122125
0.00122138
0.00122151
0.00122163
0.00122176
0.00122188
0.001222
0.00122213
0.00122225
0.00122237
0.0012225
0.00122262
0.00122274
0.00122286
0.00122299
0.00122311
0.00122323
0.00122335
0.00122347
0.00122359
0.00122371
0.00122383
0.00122395
0.00122407
0.00122419
0.00122431
0.00122443
0.00122454
0.00122466
0.00122478
0.0012249
0.00122501
0.00122513
0.00122525
0.00122536
0.00122548
0.00122559
0.00122571
0.00122582
0.00122594
0.00122605
0.00122617
0.00122628
0.0012264
0.00122651
0.00122662
0.00122673
0.00122685
0.00122696
0.00122707
0.00122718
0.00122729
0.00122741
0.00122752
0.00122763
0.00122774
0.00122785
0.00122796
0.00122807
0.00122818
0.00122829
0.00122839
0.0012285
0.00122861
0.00122872
0.00122883
0.00122893
0.00122904
0.00122915
0.00122926
0.00122936
0.00122947
0.00122957
0.00122968
0.00122979
0.00122989
0.00123
0.0012301
0.00123021
0.00123031
0.00123041
0.00123052
0.00123062
0.00123072
0.00123083
0.00123093
0.00123103
0.00123114
0.00123124
0.00123134
0.00123144
0.00123154
0.00123164
0.00123174
0.00123185
0.00123195
0.00123205
0.00123215
0.00123225
0.00123234
0.00123244
0.00123254
0.00123264
0.00123274
0.00123284
0.00123294
0.00123303
0.00123313
0.00123323
0.00123333
0.00123342
0.00123352
0.00123362
0.00123371
0.00123381
0.00123391
0.001234
0.0012341
0.00123419
0.00123429
0.00123438
0.00123448
0.00123457
0.00123466
0.00123476
0.00123485
0.00123494
0.00123504
0.00123513
0.00123522
0.00123532
0.00123541
0.0012355
0.00123559
0.00123568
0.00123578
0.00123587
0.00123596
0.00123605
0.00123614
0.00123623
0.00123632
0.00123641
0.0012365
0.00123659
0.00123668
0.00123677
0.00123686
0.00123695
0.00123704
0.00123712
0.00123721
0.0012373
0.00123739
0.00123748
0.00123756
0.00123765
0.00123774
0.00123782
0.00123791
0.001238
0.00123808
0.00123817
0.00123826
0.00123834
0.00123843
0.00123851
0.0012386
0.00123868
0.00123877
0.00123885
0.00123894
0.00123902
0.0012391
0.00123919
0.00123927
0.00123935
0.00123944
0.00123952
0.0012396
0.00123969
0.00123977
0.00123985
0.00123993
0.00124001
0.0012401
0.00124018
0.00124026
0.00124034
0.00124042
0.0012405
0.00124058
0.00124066
0.00124074
0.00124082
0.0012409
0.00124098
0.00124106
0.00124114
0.00124122
0.0012413
0.00124138
0.00124146
0.00124154
0.00124162
0.00124169
0.00124177
0.00124185
0.00124193
0.00124201
0.00124208
0.00124216
0.00124224
0.00124231
0.00124239
0.00124247
0.00124254
0.00124262
0.0012427
0.00124277
0.00124285
0.00124292
0.001243
0.00124307
0.00124315
0.00124322
0.0012433
0.00124337
0.00124345
0.00124352
0.0012436
0.00124367
0.00124374
0.00124382
0.00124389
0.00124396
0.00124404
0.00124411
0.00124418
0.00124426
0.00124433
0.0012444
0.00124447
0.00124455
0.00124462
0.00124469
0.00124476
0.00124483
0.0012449
0.00124497
0.00124505
0.00124512
0.00124519
0.00124526
0.00124533
0.0012454
0.00124547
0.00124554
0.00124561
0.00124568
0.00124575
0.00124582
0.00124589
0.00124596
0.00124602
0.00124609
0.00124616
0.00124623
0.0012463
0.00124637
0.00124644
0.0012465
0.00124657
0.00124664
0.00124671
0.00124677
0.00124684
0.00124691
0.00124698
0.00124704
0.00124711
0.00124718
0.00124724
0.00124731
0.00124738
0.00124744
0.00124751
0.00124757
0.00124764
0.0012477
0.00124777
0.00124784
0.0012479
0.00124797
0.00124803
0.00124809
0.00124816
0.00124822
0.00124829
0.00124835
0.00124842
0.00124848
0.00124854
0.00124861
0.00124867
0.00124874
0.0012488
0.00124886
0.00124892
0.00124899
0.00124905
0.00124911
0.00124918
0.00124924
0.0012493
0.00124936
0.00124942
0.00124949
0.00124955
0.00124961
0.00124967
0.00124973
0.00124979
0.00124986
0.00124992
0.00124998
0.00125004
0.0012501
0.00125016
0.00125022
0.00125028
0.00125034
0.0012504
0.00125046
0.00125052
0.00125058
0.00125064
0.0012507
0.00125076
0.00125082
0.00125088
0.00125094
0.001251
0.00125106
0.00125111
0.00125117
0.00125123
0.00125129
0.00125135
0.00125141
0.00125146
0.00125152
0.00125158
0.00125164
0.0012517
0.00125175
0.00125181
0.00125187
0.00125192
0.00125198
0.00125204
0.0012521
0.00125215
0.00125221
0.00125227
0.00125232
0.00125238
0.00125243
0.00125249
0.00125255
0.0012526
0.00125266
0.00125271
0.00125277
0.00125282
0.00125288
0.00125294
0.00125299
0.00125305
0.0012531
0.00125316
0.00125321
0.00125326
0.00125332
0.00125337
0.00125343
0.00125348
0.00125354
0.00125359
0.00125364
0.0012537
0.00125375
0.00125381
0.00125386
0.00125391
0.00125397
0.00125402
0.00125407
0.00125412
0.00125418
0.00125423
0.00125428
0.00125434
0.00125439
0.00125444
0.00125449
0.00125455
0.0012546
0.00125465
0.0012547
0.00125475
0.0012548
0.00125486
0.00125491
0.00125496
0.00125501
0.00125506
0.00125511
0.00125516
0.00125522
0.00125527
0.00125532
0.00125537
0.00125542
0.00125547
0.00125552
0.00125557
0.00125562
0.00125567
0.00125572
0.00125577
0.00125582
0.00125587
0.00125592
0.00125597
0.00125602
0.00125607
0.00125612
0.00125617
0.00125622
0.00125627
0.00125631
0.00125636
0.00125641
0.00125646
0.00125651
0.00125656
0.00125661
0.00125665
0.0012567
0.00125675
0.0012568
0.00125685
0.0012569
0.00125694
0.00125699
0.00125704
0.00125709
0.00125713
0.00125718
0.00125723
0.00125728
0.00125732
0.00125737
0.00125742
0.00125746
0.00125751
0.00125756
0.0012576
0.00125765
0.0012577
0.00125774
0.00125779
0.00125784
0.00125788
0.00125793
0.00125798
0.00125802
0.00125807
0.00125811
0.00125816
0.0012582
0.00125825
0.0012583
0.00125834
0.00125839
0.00125843
