0.997006
0.883165
0.806854
0.75564
0.720491
0.696154
0.679355
0.667229
0.657429
0.648788
0.641112
0.634328
0.628037
0.621807
0.615546
0.609423
0.60352
0.597722
0.591896
0.586054
0.580293
0.574646
0.569059
0.563482
0.55793
0.552448
0.547045
0.541693
0.536373
0.531095
0.525878
0.520723
0.515616
0.51055
0.50553
0.500565
0.495653
0.490788
0.485966
0.481191
0.476465
0.471788
0.467155
0.462566
0.458022
0.453524
0.449071
0.444661
0.440293
0.435969
0.431687
0.427448
0.42325
0.419093
0.414977
0.410901
0.406866
0.40287
0.398914
0.394996
0.391116
0.387275
0.383472
0.379706
0.375977
0.372284
0.368628
0.365008
0.361423
0.357873
0.354359
0.350878
0.347432
0.34402
0.340642
0.337296
0.333984
0.330703
0.327456
0.32424
0.321055
0.317902
0.31478
0.311689
0.308627
0.305596
0.302595
0.299623
0.296681
0.293767
0.290882
0.288025
0.285196
0.282395
0.279622
0.276876
0.274157
0.271464
0.268798
0.266158
0.263544
