-nan
99.3625
0.883382
0.271529
0.160268
0.1134
0.0875556
0.0711931
0.059909
0.0516593
0.0453664
0.0404086
0.0364021
0.0330972
0.0303247
0.0279655
0.0259337
0.0241657
0.0226131
0.0212389
0.020014
0.0189154
0.0179245
0.0170262
0.0162081
0.0154599
0.014773
0.0141402
0.0135554
0.0130133
0.0125094
0.0120397
0.011601
0.0111902
0.0108047
0.0104424
0.0101011
0.00977912
0.00947484
0.00918683
0.00891383
0.00865469
0.00840839
0.00817399
0.00795065
0.0077376
0.00753416
0.00733969
0.0071536
0.00697537
0.00680451
0.00664057
0.00648314
0.00633184
0.00618632
0.00604625
0.00591133
0.00578129
0.00565587
0.00553482
0.00541791
0.00530495
0.00519573
0.00509007
0.0049878
0.00488876
0.0047928
0.00469978
0.00460956
0.00452202
0.00443704
0.00435452
0.00427434
0.00419641
0.00412064
0.00404694
0.00397522
0.0039054
0.00383742
0.00377119
0.00370666
0.00364375
0.00358241
0.00352259
0.00346421
0.00340724
0.00335163
0.00329732
0.00324426
0.00319243
0.00314177
0.00309224
0.00304382
0.00299646
0.00295012
0.00290478
0.0028604
0.00281696
0.00277442
0.00273276
0.00269194
0.00265195
0.00261276
0.00257435
0.00253669
0.00249975
0.00246353
0.002428
0.00239315
0.00235894
0.00232536
0.00229241
0.00226005
0.00222828
0.00219707
0.00216642
0.00213631
0.00210672
0.00207765
0.00204907
0.00202098
0.00199336
0.0019662
0.00193949
0.00191323
0.00188739
0.00186197
0.00183696
0.00181235
0.00178813
0.00176428
0.00174081
0.00171771
0.00169496
0.00167255
0.00165049
0.00162875
0.00160735
0.00158625
0.00156547
0.001545
0.00152482
0.00150493
0.00148533
0.001466
0.00144695
0.00142817
0.00140965
0.00139138
0.00137337
0.0013556
0.00133808
0.00132079
0.00130374
0.00128691
0.00127031
0.00125393
0.00123776
0.0012218
0.00120605
0.00119051
0.00117516
0.00116001
0.00114505
0.00113029
0.0011157
0.0011013
0.00108708
0.00107303
0.00105916
0.00104546
0.00103192
0.00101855
0.00100534
0.00099229
0.000979396
0.000966654
0.000954064
0.000941623
0.000929328
0.000917176
0.000905167
0.000893297
0.000881564
0.000869967
0.000858503
0.000847169
0.000835966
0.000824889
0.000813938
0.00080311
0.000792404
0.000781819
0.000771351
0.000761001
0.000750765
0.000740643
0.000730633
0.000720734
0.000710943
0.000701261
0.000691684
0.000682213
0.000672845
0.000663579
0.000654414
0.000645349
0.000636383
0.000627514
0.000618742
0.000610065
0.000601483
0.000592993
0.000584596
0.00057629
0.000568075
0.000559949
0.000551911
0.000543961
0.000536099
0.000528322
0.000520631
0.000513024
0.000505502
0.000498063
0.000490707
0.000483432
0.00047624
0.000469128
0.000462097
0.000455146
0.000448275
0.000441483
0.000434769
0.000428134
0.000421578
0.000415099
0.000408697
0.000402374
0.000396127
0.000389958
0.000383865
0.00037785
0.000371911
0.00036605
0.000360265
0.000354557
0.000348927
0.000343374
0.000337898
0.000332501
0.000327181
0.00032194
0.000316778
0.000311695
0.000306692
0.00030177
0.000296928
0.000292168
0.00028749
0.000282895
0.000278384
0.000273957
0.000269616
0.000265362
0.000261194
0.000257115
0.000253126
0.000249227
0.00024542
0.000241706
0.000238086
0.000234561
0.000231134
0.000227804
0.000224573
0.000221443
0.000218415
0.000215491
0.000212671
0.000209957
0.00020735
0.000204851
0.000202463
0.000200184
0.000198018
0.000195964
0.000194024
0.000192198
0.000190486
0.000188891
0.00018741
0.000186046
0.000184798
0.000183665
0.000182648
0.000181746
0.000180958
0.000180283
0.000179721
0.00017927
0.00017893
0.000178697
0.000178571
0.000178549
0.000178631
0.000178812
0.000179092
0.000179468
0.000179937
0.000180497
0.000181145
0.000181879
0.000182695
0.000183591
0.000184564
0.000185612
0.000186731
0.000187918
0.000189172
0.000190489
0.000191866
0.000193301
0.000194791
0.000196334
0.000197927
0.000199568
0.000201254
0.000202983
0.000204753
0.000206562
0.000208407
0.000210288
0.0002122
0.000214144
0.000216117
0.000218117
0.000220143
0.000222192
0.000224265
0.000226359
0.000228472
0.000230604
0.000232753
0.000234918
0.000237098
0.000239291
0.000241497
0.000243715
0.000245943
0.000248182
0.000250429
0.000252684
0.000254946
0.000257215
0.000259489
0.000261769
0.000264053
0.000266341
0.000268632
0.000270925
0.000273221
0.000275519
0.000277817
0.000280117
0.000282416
0.000284715
0.000287014
0.000289312
0.000291608
0.000293903
0.000296196
0.000298486
0.000300774
0.000303059
0.000305341
0.00030762
0.000309895
0.000312166
0.000314433
0.000316696
0.000318954
0.000321208
0.000323457
0.000325701
0.00032794
0.000330174
0.000332402
0.000334625
0.000336842
0.000339054
0.00034126
0.000343459
0.000345653
0.00034784
0.000350022
0.000352197
0.000354365
0.000356528
0.000358683
0.000360832
0.000362975
0.00036511
0.000367239
0.000369362
0.000371477
0.000373585
0.000375687
0.000377782
0.00037987
0.00038195
0.000384024
0.000386091
0.00038815
0.000390203
0.000392248
0.000394287
0.000396318
0.000398342
0.000400359
0.000402369
0.000404372
0.000406367
0.000408356
0.000410337
0.000412311
0.000414278
0.000416238
0.000418191
0.000420137
0.000422075
0.000424007
0.000425931
0.000427848
0.000429759
0.000431662
0.000433558
0.000435447
0.000437329
0.000439204
0.000441072
0.000442933
0.000444788
0.000446635
0.000448475
0.000450309
0.000452135
0.000453955
0.000455768
0.000457574
0.000459374
0.000461166
0.000462952
0.000464731
0.000466504
0.000468269
0.000470029
0.000471781
0.000473527
0.000475266
0.000476999
0.000478725
0.000480445
0.000482158
0.000483865
0.000485566
0.00048726
0.000488947
0.000490629
0.000492304
0.000493972
0.000495635
0.000497291
0.000498941
0.000500585
0.000502222
0.000503854
0.000505479
0.000507098
0.000508712
0.000510319
0.00051192
0.000513515
0.000515104
0.000516688
0.000518265
0.000519837
0.000521403
0.000522962
0.000524517
0.000526065
0.000527608
0.000529144
0.000530676
0.000532201
0.000533721
0.000535236
0.000536744
0.000538247
0.000539745
0.000541237
0.000542724
0.000544205
0.000545681
0.000547151
0.000548616
0.000550076
0.00055153
0.00055298
0.000554423
0.000555862
0.000557295
0.000558723
0.000560146
0.000561564
0.000562977
0.000564384
0.000565787
0.000567184
0.000568577
0.000569964
0.000571347
0.000572724
0.000574097
0.000575464
0.000576827
0.000578185
0.000579538
0.000580886
0.00058223
0.000583569
0.000584903
0.000586232
0.000587556
0.000588876
0.000590192
0.000591502
0.000592808
0.00059411
0.000595407
0.000596699
0.000597987
0.00059927
0.000600549
0.000601823
0.000603093
0.000604359
0.00060562
0.000606877
0.000608129
0.000609377
0.000610621
0.00061186
0.000613096
0.000614327
0.000615554
0.000616776
0.000617995
0.000619209
0.000620419
0.000621625
0.000622827
0.000624025
0.000625218
0.000626408
0.000627594
0.000628775
0.000629953
0.000631127
0.000632296
0.000633462
0.000634624
0.000635782
0.000636936
0.000638087
0.000639233
0.000640376
0.000641515
0.00064265
0.000643781
0.000644908
0.000646032
0.000647152
0.000648269
0.000649381
0.000650491
0.000651596
0.000652698
0.000653796
0.000654891
0.000655982
0.000657069
0.000658153
0.000659233
0.00066031
0.000661384
0.000662454
0.00066352
0.000664583
0.000665643
0.000666699
0.000667752
0.000668801
0.000669847
0.00067089
0.000671929
0.000672965
0.000673998
0.000675028
0.000676054
0.000677077
0.000678096
0.000679113
0.000680126
0.000681136
0.000682143
0.000683147
0.000684147
0.000685145
0.000686139
0.00068713
0.000688118
0.000689103
0.000690085
0.000691064
0.00069204
0.000693012
0.000693982
0.000694949
0.000695913
0.000696874
0.000697831
0.000698786
0.000699738
0.000700687
0.000701633
0.000702577
0.000703517
0.000704455
0.000705389
0.000706321
0.00070725
0.000708176
0.000709099
0.00071002
0.000710938
0.000711853
0.000712765
0.000713674
0.000714581
0.000715485
0.000716387
0.000717285
0.000718181
0.000719074
0.000719965
0.000720853
0.000721738
0.000722621
0.000723501
0.000724379
0.000725254
0.000726126
0.000726996
0.000727863
0.000728727
0.000729589
0.000730449
0.000731306
0.000732161
0.000733013
0.000733862
0.000734709
0.000735554
0.000736396
0.000737236
0.000738073
0.000738908
0.00073974
0.000740571
0.000741398
0.000742224
0.000743046
0.000743867
0.000744685
0.000745501
0.000746315
0.000747126
0.000747935
0.000748741
0.000749546
0.000750348
0.000751148
0.000751945
0.00075274
0.000753533
0.000754324
0.000755113
0.000755899
0.000756683
0.000757465
0.000758245
0.000759022
0.000759798
0.000760571
0.000761342
0.000762111
0.000762878
0.000763642
0.000764405
0.000765165
0.000765924
0.00076668
0.000767434
0.000768186
0.000768936
0.000769684
0.00077043
0.000771174
0.000771916
0.000772656
0.000773394
0.000774129
0.000774863
0.000775595
0.000776325
0.000777053
0.000777778
0.000778502
0.000779224
0.000779944
0.000780662
0.000781379
0.000782093
0.000782805
0.000783515
0.000784224
0.000784931
0.000785635
0.000786338
0.000787039
0.000787738
0.000788435
0.000789131
0.000789824
0.000790516
0.000791206
0.000791894
0.00079258
0.000793265
0.000793948
0.000794629
0.000795308
0.000795985
0.00079666
0.000797334
0.000798006
0.000798677
0.000799345
0.000800012
0.000800677
0.00080134
0.000802002
0.000802662
0.00080332
0.000803977
0.000804632
0.000805285
0.000805936
0.000806586
0.000807234
0.000807881
0.000808525
0.000809169
0.00080981
0.00081045
0.000811088
0.000811725
0.00081236
0.000812993
0.000813625
0.000814256
0.000814884
0.000815511
0.000816137
0.000816761
0.000817383
0.000818004
0.000818623
0.000819241
0.000819857
0.000820471
0.000821085
0.000821696
0.000822306
0.000822915
0.000823522
0.000824127
0.000824731
0.000825334
0.000825935
0.000826534
0.000827132
0.000827729
0.000828324
0.000828917
0.00082951
0.0008301
0.00083069
0.000831278
0.000831864
0.000832449
0.000833033
0.000833615
0.000834195
0.000834775
0.000835353
0.000835929
0.000836504
0.000837078
0.000837651
0.000838222
0.000838791
0.000839359
0.000839926
0.000840492
0.000841056
0.000841619
0.00084218
0.00084274
0.000843299
0.000843857
0.000844413
0.000844968
0.000845521
0.000846073
0.000846624
0.000847174
0.000847722
0.000848269
0.000848815
0.000849359
0.000849902
0.000850444
0.000850985
0.000851524
0.000852062
0.000852599
0.000853135
0.000853669
0.000854202
0.000854734
0.000855264
0.000855794
0.000856322
0.000856849
0.000857374
0.000857899
0.000858422
0.000858944
0.000859465
0.000859985
0.000860503
0.000861021
0.000861537
0.000862052
0.000862565
0.000863078
0.000863589
0.000864099
0.000864608
0.000865116
0.000865623
0.000866129
0.000866633
0.000867136
0.000867639
0.00086814
0.00086864
0.000869138
0.000869636
0.000870133
0.000870628
0.000871122
0.000871616
0.000872108
0.000872599
0.000873089
0.000873577
0.000874065
0.000874552
0.000875037
0.000875522
0.000876005
0.000876487
0.000876969
0.000877449
0.000877928
0.000878406
0.000878883
0.000879359
0.000879834
0.000880308
0.000880781
0.000881252
0.000881723
0.000882193
0.000882662
0.000883129
0.000883596
0.000884062
0.000884526
0.00088499
0.000885452
0.000885914
0.000886375
0.000886834
0.000887293
0.000887751
0.000888207
0.000888663
0.000889117
0.000889571
0.000890024
0.000890476
0.000890926
0.000891376
0.000891825
0.000892273
0.00089272
0.000893166
0.000893611
0.000894055
0.000894498
0.00089494
0.000895382
0.000895822
0.000896261
0.0008967
0.000897137
0.000897574
0.00089801
0.000898444
0.000898878
0.000899311
0.000899743
0.000900174
0.000900604
0.000901034
0.000901462
0.00090189
0.000902316
0.000902742
0.000903167
0.000903591
0.000904014
0.000904436
0.000904858
0.000905278
0.000905698
0.000906116
0.000906534
0.000906951
0.000907367
0.000907783
0.000908197
0.000908611
0.000909023
0.000909435
0.000909846
0.000910257
0.000910666
0.000911074
0.000911482
0.000911889
0.000912295
0.0009127
0.000913105
0.000913508
0.000913911
0.000914313
0.000914714
0.000915114
0.000915514
0.000915912
0.00091631
0.000916707
0.000917104
0.000917499
0.000917894
0.000918288
0.000918681
0.000919073
0.000919465
0.000919855
0.000920245
0.000920634
0.000921023
0.00092141
