-nan
0.431111
0.331744
0.292572
0.271517
0.258425
0.249549
0.243169
0.238383
0.234673
0.23172
0.229321
0.227336
0.225669
0.224251
0.223032
0.221973
0.221045
0.220226
0.219498
0.218848
0.218263
0.217734
0.217254
0.216816
0.216416
0.216048
0.215709
0.215396
0.215106
0.214836
0.214584
0.214349
0.21413
0.213924
0.21373
0.213548
0.213376
0.213214
0.21306
0.212915
0.212777
0.212646
0.212521
0.212403
0.21229
0.212182
0.212079
0.21198
0.211886
0.211796
0.211709
0.211626
0.211546
0.211469
0.211395
0.211324
0.211256
0.21119
0.211126
0.211065
0.211005
0.210948
0.210892
0.210839
0.210787
0.210737
0.210688
0.210641
0.210595
0.21055
0.210507
0.210465
0.210425
0.210385
0.210347
0.210309
0.210273
0.210238
0.210203
0.210169
0.210137
0.210105
0.210074
0.210043
0.210014
0.209985
0.209957
0.209929
0.209902
0.209876
0.20985
0.209825
0.209801
0.209777
0.209753
0.20973
0.209708
0.209686
0.209664
0.209643
0.209622
0.209602
0.209582
0.209563
0.209544
0.209525
0.209506
0.209488
0.209471
0.209453
0.209436
0.20942
0.209403
0.209387
0.209371
0.209356
0.209341
0.209326
0.209311
0.209297
0.209282
0.209268
0.209255
0.209241
0.209228
0.209215
0.209202
0.209189
0.209177
0.209164
0.209152
0.20914
0.209129
0.209117
0.209106
0.209095
0.209084
0.209073
0.209062
0.209051
0.209041
0.209031
0.209021
0.209011
0.209001
0.208991
0.208982
0.208972
0.208963
0.208954
0.208945
0.208936
0.208927
0.208919
0.20891
0.208902
0.208893
0.208885
0.208877
0.208869
0.208861
0.208853
0.208846
0.208838
0.20883
0.208823
0.208816
0.208808
0.208801
0.208794
0.208787
0.20878
0.208773
0.208767
0.20876
0.208753
0.208747
0.20874
0.208734
0.208728
0.208722
0.208715
0.208709
0.208703
0.208697
0.208691
0.208686
0.20868
0.208674
0.208669
0.208663
0.208657
0.208652
0.208647
0.208641
0.208636
0.208631
0.208626
0.20862
0.208615
0.20861
0.208605
0.2086
0.208596
0.208591
0.208586
0.208581
0.208577
0.208572
0.208567
0.208563
0.208558
0.208554
0.208549
0.208545
0.208541
0.208536
0.208532
0.208528
0.208524
0.20852
0.208515
0.208511
0.208507
0.208503
0.208499
0.208496
0.208492
0.208488
0.208484
0.20848
0.208476
0.208473
0.208469
0.208465
0.208462
0.208458
0.208455
0.208451
0.208448
0.208444
0.208441
0.208437
0.208434
0.208431
0.208427
0.208424
0.208421
0.208417
0.208414
0.208411
0.208408
0.208405
0.208402
0.208398
0.208395
0.208392
0.208389
0.208386
0.208383
0.20838
0.208377
0.208375
0.208372
0.208369
0.208366
0.208363
0.20836
0.208358
0.208355
0.208352
0.208349
0.208347
0.208344
0.208341
0.208339
0.208336
0.208334
0.208331
0.208328
0.208326
0.208323
0.208321
0.208318
0.208316
0.208313
0.208311
0.208309
0.208306
0.208304
0.208301
0.208299
0.208297
0.208294
0.208292
0.20829
0.208288
0.208285
0.208283
0.208281
0.208279
0.208276
0.208274
0.208272
0.20827
0.208268
0.208266
0.208264
0.208261
0.208259
0.208257
0.208255
0.208253
0.208251
0.208249
0.208247
0.208245
0.208243
0.208241
0.208239
0.208237
0.208235
0.208234
0.208232
0.20823
0.208228
0.208226
0.208224
0.208222
0.20822
0.208219
0.208217
0.208215
0.208213
0.208211
0.20821
0.208208
0.208206
0.208204
0.208203
0.208201
0.208199
0.208198
0.208196
0.208194
0.208193
0.208191
0.208189
0.208188
0.208186
0.208184
0.208183
0.208181
0.20818
0.208178
0.208176
0.208175
0.208173
0.208172
0.20817
0.208169
0.208167
0.208166
0.208164
0.208163
0.208161
0.20816
0.208158
0.208157
0.208155
0.208154
0.208152
0.208151
0.20815
0.208148
0.208147
0.208145
0.208144
0.208143
0.208141
0.20814
0.208139
0.208137
0.208136
0.208134
0.208133
0.208132
0.20813
0.208129
0.208128
0.208127
0.208125
0.208124
0.208123
0.208121
0.20812
0.208119
0.208118
0.208116
0.208115
0.208114
0.208113
0.208111
0.20811
0.208109
0.208108
0.208107
0.208105
0.208104
0.208103
0.208102
0.208101
0.2081
0.208098
0.208097
0.208096
0.208095
0.208094
0.208093
0.208092
0.20809
0.208089
0.208088
0.208087
0.208086
0.208085
0.208084
0.208083
0.208082
0.208081
0.20808
0.208078
0.208077
0.208076
0.208075
0.208074
0.208073
0.208072
0.208071
0.20807
0.208069
0.208068
0.208067
0.208066
0.208065
0.208064
0.208063
0.208062
0.208061
0.20806
0.208059
0.208058
0.208057
0.208056
0.208055
0.208054
0.208053
0.208052
0.208052
0.208051
0.20805
0.208049
0.208048
0.208047
0.208046
0.208045
0.208044
0.208043
0.208042
0.208041
0.208041
0.20804
0.208039
0.208038
0.208037
0.208036
0.208035
0.208034
0.208034
0.208033
0.208032
0.208031
0.20803
0.208029
0.208028
0.208028
0.208027
0.208026
0.208025
0.208024
0.208023
0.208023
0.208022
0.208021
0.20802
0.208019
0.208019
0.208018
0.208017
0.208016
0.208015
0.208015
0.208014
0.208013
0.208012
0.208012
0.208011
0.20801
0.208009
0.208009
0.208008
0.208007
0.208006
0.208006
0.208005
0.208004
0.208003
0.208003
0.208002
0.208001
0.208
0.208
0.207999
0.207998
0.207997
0.207997
0.207996
0.207995
0.207995
0.207994
0.207993
0.207993
0.207992
0.207991
0.20799
0.20799
0.207989
0.207988
0.207988
0.207987
0.207986
0.207986
0.207985
0.207984
0.207984
0.207983
0.207982
0.207982
0.207981
0.20798
0.20798
0.207979
0.207978
0.207978
0.207977
0.207977
0.207976
0.207975
0.207975
0.207974
0.207973
0.207973
0.207972
0.207971
0.207971
0.20797
0.20797
0.207969
0.207968
0.207968
0.207967
0.207967
0.207966
0.207965
0.207965
0.207964
0.207964
0.207963
0.207962
0.207962
0.207961
0.207961
0.20796
0.20796
0.207959
0.207958
0.207958
0.207957
0.207957
0.207956
0.207956
0.207955
0.207954
0.207954
0.207953
0.207953
0.207952
0.207952
0.207951
0.207951
0.20795
0.207949
0.207949
0.207948
0.207948
0.207947
0.207947
0.207946
0.207946
0.207945
0.207945
0.207944
0.207944
0.207943
0.207943
0.207942
0.207941
0.207941
0.20794
0.20794
0.207939
0.207939
0.207938
0.207938
0.207937
0.207937
0.207936
0.207936
0.207935
0.207935
0.207934
0.207934
0.207933
0.207933
0.207932
0.207932
0.207931
0.207931
0.207931
0.20793
0.20793
0.207929
0.207929
0.207928
0.207928
0.207927
0.207927
0.207926
0.207926
0.207925
0.207925
0.207924
0.207924
0.207923
0.207923
0.207923
0.207922
0.207922
0.207921
0.207921
0.20792
0.20792
0.207919
0.207919
0.207918
0.207918
0.207918
0.207917
0.207917
0.207916
0.207916
0.207915
0.207915
0.207915
0.207914
0.207914
0.207913
0.207913
0.207912
0.207912
0.207912
0.207911
0.207911
0.20791
0.20791
0.207909
0.207909
0.207909
0.207908
0.207908
0.207907
0.207907
0.207907
0.207906
0.207906
0.207905
0.207905
0.207905
0.207904
0.207904
0.207903
0.207903
0.207902
0.207902
0.207902
0.207901
0.207901
0.207901
0.2079
0.2079
0.207899
0.207899
0.207899
0.207898
0.207898
0.207897
0.207897
0.207897
0.207896
0.207896
0.207896
0.207895
0.207895
0.207894
0.207894
0.207894
0.207893
0.207893
0.207893
0.207892
0.207892
0.207891
0.207891
0.207891
0.20789
0.20789
0.20789
0.207889
0.207889
0.207889
0.207888
0.207888
0.207887
0.207887
0.207887
0.207886
0.207886
0.207886
0.207885
0.207885
0.207885
0.207884
0.207884
0.207884
0.207883
0.207883
0.207883
0.207882
0.207882
0.207882
0.207881
0.207881
0.207881
0.20788
0.20788
0.20788
0.207879
0.207879
0.207879
0.207878
0.207878
0.207878
0.207877
0.207877
0.207877
0.207876
0.207876
0.207876
0.207875
0.207875
0.207875
0.207874
0.207874
0.207874
0.207873
0.207873
0.207873
0.207872
0.207872
0.207872
0.207871
0.207871
0.207871
0.20787
0.20787
0.20787
0.20787
0.207869
0.207869
0.207869
0.207868
0.207868
0.207868
0.207867
0.207867
0.207867
0.207867
0.207866
0.207866
0.207866
0.207865
0.207865
0.207865
0.207864
0.207864
0.207864
0.207864
0.207863
0.207863
0.207863
0.207862
0.207862
0.207862
0.207861
0.207861
0.207861
0.207861
0.20786
0.20786
0.20786
0.207859
0.207859
0.207859
0.207859
0.207858
0.207858
0.207858
0.207858
0.207857
0.207857
0.207857
0.207856
0.207856
0.207856
0.207856
0.207855
0.207855
0.207855
0.207854
0.207854
0.207854
0.207854
0.207853
0.207853
0.207853
0.207853
0.207852
0.207852
0.207852
0.207852
0.207851
0.207851
0.207851
0.20785
0.20785
0.20785
0.20785
0.207849
0.207849
0.207849
0.207849
0.207848
0.207848
0.207848
0.207848
0.207847
0.207847
0.207847
0.207847
0.207846
0.207846
0.207846
0.207846
0.207845
0.207845
0.207845
0.207845
0.207844
0.207844
0.207844
0.207844
0.207843
0.207843
0.207843
0.207843
0.207842
0.207842
0.207842
0.207842
0.207841
0.207841
0.207841
0.207841
0.20784
0.20784
0.20784
0.20784
0.207839
0.207839
0.207839
0.207839
0.207839
0.207838
0.207838
0.207838
0.207838
0.207837
0.207837
0.207837
0.207837
0.207836
0.207836
0.207836
0.207836
0.207836
0.207835
0.207835
0.207835
0.207835
0.207834
0.207834
0.207834
0.207834
0.207833
0.207833
0.207833
0.207833
0.207833
0.207832
0.207832
0.207832
0.207832
0.207831
0.207831
0.207831
0.207831
0.207831
0.20783
0.20783
0.20783
0.20783
0.207829
0.207829
0.207829
0.207829
0.207829
0.207828
0.207828
0.207828
0.207828
0.207828
0.207827
0.207827
0.207827
0.207827
0.207827
0.207826
0.207826
0.207826
0.207826
0.207825
0.207825
0.207825
0.207825
0.207825
0.207824
0.207824
0.207824
0.207824
0.207824
0.207823
0.207823
0.207823
0.207823
0.207823
0.207822
0.207822
0.207822
0.207822
0.207822
0.207821
0.207821
0.207821
0.207821
0.207821
0.20782
0.20782
0.20782
